param: P :=
5   5 4.193339e+02
5   6 -4.193339e+02
5   7 2.491451e+02
5   8 -2.491451e+02
5   9 3.559149e+01
5   10 -3.559149e+01
5   11 -6.378224e+01
5   12 6.378224e+01
5   13 -6.921206e+01
5   14 6.921206e+01
5   15 -3.790739e+01
5   16 3.790739e+01
5   17 -8.036621e+00
5   18 8.036621e+00
5   19 7.602193e+00
5   20 -7.602193e+00
5   21 1.093476e+01
5   22 -1.093476e+01
5   23 8.109036e+00
5   24 -8.109036e+00
5   25 4.027525e+00
5   26 -4.027525e+00
5   27 1.033676e+00
5   28 -1.033676e+00
5   29 -4.322138e-01
5   30 4.322138e-01
5   31 -7.978071e-01
5   32 7.978071e-01
5   33 -6.351976e-01
5   34 6.351976e-01
5   35 -3.466513e-01
5   36 3.466513e-01
5   37 -1.206425e-01
5   38 1.206425e-01
5   39 5.886620e-04
5   40 -5.886620e-04
5   41 4.141670e-02
5   42 -4.141670e-02
5   43 3.999898e-02
5   44 -3.999898e-02
5   45 2.497114e-02
5   46 -2.497114e-02
5   47 1.110561e-02
5   48 -1.110561e-02
5   49 3.016509e-03
5   50 -3.016509e-03
5   51 1.117564e-04
5   52 -1.117564e-04
5   53 -6.043737e+00
5   54 6.043737e+00
5   55 2.235153e+00
5   56 -2.235153e+00
5   57 4.254598e+00
5   58 -4.254598e+00
5   59 2.555025e+00
5   60 -2.555025e+00
5   61 3.241743e-01
5   62 -3.241743e-01
5   63 -9.545918e-01
5   64 9.545918e-01
5   65 -1.200222e+00
5   66 1.200222e+00
5   67 -8.800035e-01
5   68 8.800035e-01
5   69 -4.398219e-01
5   70 4.398219e-01
5   71 -1.131190e-01
5   72 1.131190e-01
5   73 5.035945e-02
5   74 -5.035945e-02
5   75 9.279344e-02
5   76 -9.279344e-02
5   77 7.510810e-02
5   78 -7.510810e-02
5   79 4.199296e-02
5   80 -4.199296e-02
5   81 1.532953e-02
5   82 -1.532953e-02
5   83 5.750630e-04
5   84 -5.750630e-04
5   85 -4.697742e-03
5   86 4.697742e-03
5   87 -4.796044e-03
5   88 4.796044e-03
5   89 -3.093501e-03
5   90 3.093501e-03
5   91 -1.399744e-03
5   92 1.399744e-03
5   93 -3.242200e-04
5   94 3.242200e-04
5   95 1.542350e-04
5   96 -1.542350e-04
5   97 2.599431e-04
5   98 -2.599431e-04
5   99 1.998764e-04
5   100 -1.998764e-04
5   101 9.478202e-05
5   102 -9.478202e-05
5   103 -1.198059e-05
5   104 1.198059e-05
6   5 -4.193339e+02
6   6 4.193339e+02
6   7 -2.491451e+02
6   8 2.491451e+02
6   9 -3.559149e+01
6   10 3.559149e+01
6   11 6.378224e+01
6   12 -6.378224e+01
6   13 6.921206e+01
6   14 -6.921206e+01
6   15 3.790739e+01
6   16 -3.790739e+01
6   17 8.036621e+00
6   18 -8.036621e+00
6   19 -7.602193e+00
6   20 7.602193e+00
6   21 -1.093476e+01
6   22 1.093476e+01
6   23 -8.109036e+00
6   24 8.109036e+00
6   25 -4.027525e+00
6   26 4.027525e+00
6   27 -1.033676e+00
6   28 1.033676e+00
6   29 4.322138e-01
6   30 -4.322138e-01
6   31 7.978071e-01
6   32 -7.978071e-01
6   33 6.351976e-01
6   34 -6.351976e-01
6   35 3.466513e-01
6   36 -3.466513e-01
6   37 1.206425e-01
6   38 -1.206425e-01
6   39 -5.886620e-04
6   40 5.886620e-04
6   41 -4.141670e-02
6   42 4.141670e-02
6   43 -3.999898e-02
6   44 3.999898e-02
6   45 -2.497114e-02
6   46 2.497114e-02
6   47 -1.110561e-02
6   48 1.110561e-02
6   49 -3.016509e-03
6   50 3.016509e-03
6   51 -1.117564e-04
6   52 1.117564e-04
6   53 6.043737e+00
6   54 -6.043737e+00
6   55 -2.235153e+00
6   56 2.235153e+00
6   57 -4.254598e+00
6   58 4.254598e+00
6   59 -2.555025e+00
6   60 2.555025e+00
6   61 -3.241743e-01
6   62 3.241743e-01
6   63 9.545918e-01
6   64 -9.545918e-01
6   65 1.200222e+00
6   66 -1.200222e+00
6   67 8.800035e-01
6   68 -8.800035e-01
6   69 4.398219e-01
6   70 -4.398219e-01
6   71 1.131190e-01
6   72 -1.131190e-01
6   73 -5.035945e-02
6   74 5.035945e-02
6   75 -9.279344e-02
6   76 9.279344e-02
6   77 -7.510810e-02
6   78 7.510810e-02
6   79 -4.199296e-02
6   80 4.199296e-02
6   81 -1.532953e-02
6   82 1.532953e-02
6   83 -5.750630e-04
6   84 5.750630e-04
6   85 4.697742e-03
6   86 -4.697742e-03
6   87 4.796044e-03
6   88 -4.796044e-03
6   89 3.093501e-03
6   90 -3.093501e-03
6   91 1.399744e-03
6   92 -1.399744e-03
6   93 3.242200e-04
6   94 -3.242200e-04
6   95 -1.542350e-04
6   96 1.542350e-04
6   97 -2.599431e-04
6   98 2.599431e-04
6   99 -1.998764e-04
6   100 1.998764e-04
6   101 -9.478202e-05
6   102 9.478202e-05
6   103 1.198059e-05
6   104 -1.198059e-05
7   5 2.491451e+02
7   6 -2.491451e+02
7   7 5.225219e+02
7   8 -5.225219e+02
7   9 2.066036e+02
7   10 -2.066036e+02
7   11 -5.475773e+01
7   12 5.475773e+01
7   13 -1.341051e+02
7   14 1.341051e+02
7   15 -1.007276e+02
7   16 1.007276e+02
7   17 -4.021065e+01
7   18 4.021065e+01
7   19 2.645603e+00
7   20 -2.645603e+00
7   21 1.953833e+01
7   22 -1.953833e+01
7   23 1.902019e+01
7   24 -1.902019e+01
7   25 1.182867e+01
7   26 -1.182867e+01
7   27 4.804377e+00
7   28 -4.804377e+00
7   29 4.711505e-01
7   30 -4.711505e-01
7   31 -1.266091e+00
7   32 1.266091e+00
7   33 -1.424911e+00
7   34 1.424911e+00
7   35 -9.635885e-01
7   36 9.635885e-01
7   37 -4.535824e-01
7   38 4.535824e-01
7   39 -1.135234e-01
7   40 1.135234e-01
7   41 4.354537e-02
7   42 -4.354537e-02
7   43 8.074313e-02
7   44 -8.074313e-02
7   45 6.389702e-02
7   46 -6.389702e-02
7   47 3.535111e-02
7   48 -3.535111e-02
7   49 1.381236e-02
7   50 -1.381236e-02
7   51 3.016509e-03
7   52 -3.016509e-03
7   53 -9.852320e+00
7   54 9.852320e+00
7   55 6.381914e-01
7   56 -6.381914e-01
7   57 7.409686e+00
7   58 -7.409686e+00
7   59 6.381437e+00
7   60 -6.381437e+00
7   61 2.269192e+00
7   62 -2.269192e+00
7   63 -1.025678e+00
7   64 1.025678e+00
7   65 -2.318747e+00
7   66 2.318747e+00
7   67 -2.108243e+00
7   68 2.108243e+00
7   69 -1.297510e+00
7   70 1.297510e+00
7   71 -5.262687e-01
7   72 5.262687e-01
7   73 -4.667812e-02
7   74 4.667812e-02
7   75 1.489959e-01
7   76 -1.489959e-01
7   77 1.681020e-01
7   78 -1.681020e-01
7   79 1.154926e-01
7   80 -1.154926e-01
7   81 5.585033e-02
7   82 -5.585033e-02
7   83 1.510712e-02
7   84 -1.510712e-02
7   85 -4.366293e-03
7   86 4.366293e-03
7   87 -9.456107e-03
7   88 9.456107e-03
7   89 -7.775246e-03
7   90 7.775246e-03
7   91 -4.399808e-03
7   92 4.399808e-03
7   93 -1.674377e-03
7   94 1.674377e-03
7   95 -1.542079e-04
7   96 1.542079e-04
7   97 4.121631e-04
7   98 -4.121631e-04
7   99 4.508440e-04
7   100 -4.508440e-04
7   101 2.833463e-04
7   102 -2.833463e-04
7   103 7.082084e-05
7   104 -7.082084e-05
8   5 -2.491451e+02
8   6 2.491451e+02
8   7 -5.225219e+02
8   8 5.225219e+02
8   9 -2.066036e+02
8   10 2.066036e+02
8   11 5.475773e+01
8   12 -5.475773e+01
8   13 1.341051e+02
8   14 -1.341051e+02
8   15 1.007276e+02
8   16 -1.007276e+02
8   17 4.021065e+01
8   18 -4.021065e+01
8   19 -2.645603e+00
8   20 2.645603e+00
8   21 -1.953833e+01
8   22 1.953833e+01
8   23 -1.902019e+01
8   24 1.902019e+01
8   25 -1.182867e+01
8   26 1.182867e+01
8   27 -4.804377e+00
8   28 4.804377e+00
8   29 -4.711505e-01
8   30 4.711505e-01
8   31 1.266091e+00
8   32 -1.266091e+00
8   33 1.424911e+00
8   34 -1.424911e+00
8   35 9.635885e-01
8   36 -9.635885e-01
8   37 4.535824e-01
8   38 -4.535824e-01
8   39 1.135234e-01
8   40 -1.135234e-01
8   41 -4.354537e-02
8   42 4.354537e-02
8   43 -8.074313e-02
8   44 8.074313e-02
8   45 -6.389702e-02
8   46 6.389702e-02
8   47 -3.535111e-02
8   48 3.535111e-02
8   49 -1.381236e-02
8   50 1.381236e-02
8   51 -3.016509e-03
8   52 3.016509e-03
8   53 9.852320e+00
8   54 -9.852320e+00
8   55 -6.381914e-01
8   56 6.381914e-01
8   57 -7.409686e+00
8   58 7.409686e+00
8   59 -6.381437e+00
8   60 6.381437e+00
8   61 -2.269192e+00
8   62 2.269192e+00
8   63 1.025678e+00
8   64 -1.025678e+00
8   65 2.318747e+00
8   66 -2.318747e+00
8   67 2.108243e+00
8   68 -2.108243e+00
8   69 1.297510e+00
8   70 -1.297510e+00
8   71 5.262687e-01
8   72 -5.262687e-01
8   73 4.667812e-02
8   74 -4.667812e-02
8   75 -1.489959e-01
8   76 1.489959e-01
8   77 -1.681020e-01
8   78 1.681020e-01
8   79 -1.154926e-01
8   80 1.154926e-01
8   81 -5.585033e-02
8   82 5.585033e-02
8   83 -1.510712e-02
8   84 1.510712e-02
8   85 4.366293e-03
8   86 -4.366293e-03
8   87 9.456107e-03
8   88 -9.456107e-03
8   89 7.775246e-03
8   90 -7.775246e-03
8   91 4.399808e-03
8   92 -4.399808e-03
8   93 1.674377e-03
8   94 -1.674377e-03
8   95 1.542079e-04
8   96 -1.542079e-04
8   97 -4.121631e-04
8   98 4.121631e-04
8   99 -4.508440e-04
8   100 4.508440e-04
8   101 -2.833463e-04
8   102 2.833463e-04
8   103 -7.082084e-05
8   104 7.082084e-05
9   5 3.559149e+01
9   6 -3.559149e+01
9   7 2.066036e+02
9   8 -2.066036e+02
9   9 4.350849e+02
9   10 -4.350849e+02
9   11 1.266891e+02
9   12 -1.266891e+02
9   13 -1.021070e+02
9   14 1.021070e+02
9   15 -1.500956e+02
9   16 1.500956e+02
9   17 -9.789912e+01
9   18 9.789912e+01
9   19 -3.080848e+01
9   20 3.080848e+01
9   21 1.129931e+01
9   22 -1.129931e+01
9   23 2.486751e+01
9   24 -2.486751e+01
9   25 2.124639e+01
9   26 -2.124639e+01
9   27 1.214749e+01
9   28 -1.214749e+01
9   29 4.333455e+00
9   30 -4.333455e+00
9   31 -1.076931e-01
9   32 1.076931e-01
9   33 -1.674666e+00
9   34 1.674666e+00
9   35 -1.628212e+00
9   36 1.628212e+00
9   37 -1.023860e+00
9   38 1.023860e+00
9   39 -4.438424e-01
9   40 4.438424e-01
9   41 -8.384049e-02
9   42 8.384049e-02
9   43 6.911543e-02
9   44 -6.911543e-02
9   45 9.560295e-02
9   46 -9.560295e-02
9   47 6.956460e-02
9   48 -6.956460e-02
9   49 3.535111e-02
9   50 -3.535111e-02
9   51 1.110561e-02
9   52 -1.110561e-02
9   53 -9.406306e+00
9   54 9.406306e+00
9   55 -2.058280e+00
9   56 2.058280e+00
9   57 4.758468e+00
9   58 -4.758468e+00
9   59 8.491220e+00
9   60 -8.491220e+00
9   61 5.729410e+00
9   62 -5.729410e+00
9   63 1.076497e+00
9   64 -1.076497e+00
9   65 -2.052252e+00
9   66 2.052252e+00
9   67 -2.940508e+00
9   68 2.940508e+00
9   69 -2.367413e+00
9   70 2.367413e+00
9   71 -1.334435e+00
9   72 1.334435e+00
9   73 -4.701238e-01
9   74 4.701238e-01
9   75 2.298740e-02
9   76 -2.298740e-02
9   77 1.989514e-01
9   78 -1.989514e-01
9   79 1.935885e-01
9   80 -1.935885e-01
9   81 1.235396e-01
9   82 -1.235396e-01
9   83 5.509821e-02
9   84 -5.509821e-02
9   85 1.165479e-02
9   86 -1.165479e-02
9   87 -7.484141e-03
9   88 7.484141e-03
9   89 -1.133979e-02
9   90 1.133979e-02
9   91 -8.570159e-03
9   92 8.570159e-03
9   93 -4.549028e-03
9   94 4.549028e-03
9   95 -1.559592e-03
9   96 1.559592e-03
9   97 2.768514e-06
9   98 -2.768514e-06
9   99 5.267302e-04
9   100 -5.267302e-04
9   101 5.230018e-04
9   102 -5.230018e-04
9   103 3.534987e-04
9   104 -3.534987e-04
10   5 -3.559149e+01
10   6 3.559149e+01
10   7 -2.066036e+02
10   8 2.066036e+02
10   9 -4.350849e+02
10   10 4.350849e+02
10   11 -1.266891e+02
10   12 1.266891e+02
10   13 1.021070e+02
10   14 -1.021070e+02
10   15 1.500956e+02
10   16 -1.500956e+02
10   17 9.789912e+01
10   18 -9.789912e+01
10   19 3.080848e+01
10   20 -3.080848e+01
10   21 -1.129931e+01
10   22 1.129931e+01
10   23 -2.486751e+01
10   24 2.486751e+01
10   25 -2.124639e+01
10   26 2.124639e+01
10   27 -1.214749e+01
10   28 1.214749e+01
10   29 -4.333455e+00
10   30 4.333455e+00
10   31 1.076931e-01
10   32 -1.076931e-01
10   33 1.674666e+00
10   34 -1.674666e+00
10   35 1.628212e+00
10   36 -1.628212e+00
10   37 1.023860e+00
10   38 -1.023860e+00
10   39 4.438424e-01
10   40 -4.438424e-01
10   41 8.384049e-02
10   42 -8.384049e-02
10   43 -6.911543e-02
10   44 6.911543e-02
10   45 -9.560295e-02
10   46 9.560295e-02
10   47 -6.956460e-02
10   48 6.956460e-02
10   49 -3.535111e-02
10   50 3.535111e-02
10   51 -1.110561e-02
10   52 1.110561e-02
10   53 9.406306e+00
10   54 -9.406306e+00
10   55 2.058280e+00
10   56 -2.058280e+00
10   57 -4.758468e+00
10   58 4.758468e+00
10   59 -8.491220e+00
10   60 8.491220e+00
10   61 -5.729410e+00
10   62 5.729410e+00
10   63 -1.076497e+00
10   64 1.076497e+00
10   65 2.052252e+00
10   66 -2.052252e+00
10   67 2.940508e+00
10   68 -2.940508e+00
10   69 2.367413e+00
10   70 -2.367413e+00
10   71 1.334435e+00
10   72 -1.334435e+00
10   73 4.701238e-01
10   74 -4.701238e-01
10   75 -2.298740e-02
10   76 2.298740e-02
10   77 -1.989514e-01
10   78 1.989514e-01
10   79 -1.935885e-01
10   80 1.935885e-01
10   81 -1.235396e-01
10   82 1.235396e-01
10   83 -5.509821e-02
10   84 5.509821e-02
10   85 -1.165479e-02
10   86 1.165479e-02
10   87 7.484141e-03
10   88 -7.484141e-03
10   89 1.133979e-02
10   90 -1.133979e-02
10   91 8.570159e-03
10   92 -8.570159e-03
10   93 4.549028e-03
10   94 -4.549028e-03
10   95 1.559592e-03
10   96 -1.559592e-03
10   97 -2.768514e-06
10   98 2.768514e-06
10   99 -5.267302e-04
10   100 5.267302e-04
10   101 -5.230018e-04
10   102 5.230018e-04
10   103 -3.534987e-04
10   104 3.534987e-04
11   5 -6.378224e+01
11   6 6.378224e+01
11   7 -5.475773e+01
11   8 5.475773e+01
11   9 1.266891e+02
11   10 -1.266891e+02
11   11 3.834276e+02
11   12 -3.834276e+02
11   13 1.030579e+02
11   14 -1.030579e+02
11   15 -1.068610e+02
11   16 1.068610e+02
11   17 -1.459819e+02
11   18 1.459819e+02
11   19 -9.184326e+01
11   20 9.184326e+01
11   21 -2.610890e+01
11   22 2.610890e+01
11   23 1.388814e+01
11   24 -1.388814e+01
11   25 2.580685e+01
11   26 -2.580685e+01
11   27 2.127947e+01
11   28 -2.127947e+01
11   29 1.185558e+01
11   30 -1.185558e+01
11   31 4.033829e+00
11   32 -4.033829e+00
11   33 -3.031707e-01
11   34 3.031707e-01
11   35 -1.765093e+00
11   36 1.765093e+00
11   37 -1.650928e+00
11   38 1.650928e+00
11   39 -1.015712e+00
11   40 1.015712e+00
11   41 -4.282596e-01
11   42 4.282596e-01
11   43 -7.148414e-02
11   44 7.148414e-02
11   45 7.527711e-02
11   46 -7.527711e-02
11   47 9.560295e-02
11   48 -9.560295e-02
11   49 6.389702e-02
11   50 -6.389702e-02
11   51 2.497114e-02
11   52 -2.497114e-02
11   53 -6.405267e+00
11   54 6.405267e+00
11   55 -3.483365e+00
11   56 3.483365e+00
11   57 3.906217e-01
11   58 -3.906217e-01
11   59 5.081983e+00
11   60 -5.081983e+00
11   61 7.882242e+00
11   62 -7.882242e+00
11   63 4.959035e+00
11   64 -4.959035e+00
11   65 4.974704e-01
11   66 -4.974704e-01
11   67 -2.368967e+00
11   68 2.368967e+00
11   69 -3.056316e+00
11   70 3.056316e+00
11   71 -2.372711e+00
11   72 2.372711e+00
11   73 -1.299375e+00
11   74 1.299375e+00
11   75 -4.333483e-01
11   76 4.333483e-01
11   77 4.745613e-02
11   78 -4.745613e-02
11   79 2.106195e-01
11   80 -2.106195e-01
11   81 1.968132e-01
11   82 -1.968132e-01
11   83 1.227935e-01
11   84 -1.227935e-01
11   85 5.329922e-02
11   86 -5.329922e-02
11   87 1.015272e-02
11   88 -1.015272e-02
11   89 -8.350181e-03
11   90 8.350181e-03
11   91 -1.169144e-02
11   92 1.169144e-02
11   93 -8.640012e-03
11   94 8.640012e-03
11   95 -4.521535e-03
11   96 4.521535e-03
11   97 -1.526729e-03
11   98 1.526729e-03
11   99 4.100175e-05
11   100 -4.100175e-05
11   101 6.549342e-04
11   102 -6.549342e-04
11   103 8.961196e-04
11   104 -8.961196e-04
12   5 6.378224e+01
12   6 -6.378224e+01
12   7 5.475773e+01
12   8 -5.475773e+01
12   9 -1.266891e+02
12   10 1.266891e+02
12   11 -3.834276e+02
12   12 3.834276e+02
12   13 -1.030579e+02
12   14 1.030579e+02
12   15 1.068610e+02
12   16 -1.068610e+02
12   17 1.459819e+02
12   18 -1.459819e+02
12   19 9.184326e+01
12   20 -9.184326e+01
12   21 2.610890e+01
12   22 -2.610890e+01
12   23 -1.388814e+01
12   24 1.388814e+01
12   25 -2.580685e+01
12   26 2.580685e+01
12   27 -2.127947e+01
12   28 2.127947e+01
12   29 -1.185558e+01
12   30 1.185558e+01
12   31 -4.033829e+00
12   32 4.033829e+00
12   33 3.031707e-01
12   34 -3.031707e-01
12   35 1.765093e+00
12   36 -1.765093e+00
12   37 1.650928e+00
12   38 -1.650928e+00
12   39 1.015712e+00
12   40 -1.015712e+00
12   41 4.282596e-01
12   42 -4.282596e-01
12   43 7.148414e-02
12   44 -7.148414e-02
12   45 -7.527711e-02
12   46 7.527711e-02
12   47 -9.560295e-02
12   48 9.560295e-02
12   49 -6.389702e-02
12   50 6.389702e-02
12   51 -2.497114e-02
12   52 2.497114e-02
12   53 6.405267e+00
12   54 -6.405267e+00
12   55 3.483365e+00
12   56 -3.483365e+00
12   57 -3.906217e-01
12   58 3.906217e-01
12   59 -5.081983e+00
12   60 5.081983e+00
12   61 -7.882242e+00
12   62 7.882242e+00
12   63 -4.959035e+00
12   64 4.959035e+00
12   65 -4.974704e-01
12   66 4.974704e-01
12   67 2.368967e+00
12   68 -2.368967e+00
12   69 3.056316e+00
12   70 -3.056316e+00
12   71 2.372711e+00
12   72 -2.372711e+00
12   73 1.299375e+00
12   74 -1.299375e+00
12   75 4.333483e-01
12   76 -4.333483e-01
12   77 -4.745613e-02
12   78 4.745613e-02
12   79 -2.106195e-01
12   80 2.106195e-01
12   81 -1.968132e-01
12   82 1.968132e-01
12   83 -1.227935e-01
12   84 1.227935e-01
12   85 -5.329922e-02
12   86 5.329922e-02
12   87 -1.015272e-02
12   88 1.015272e-02
12   89 8.350181e-03
12   90 -8.350181e-03
12   91 1.169144e-02
12   92 -1.169144e-02
12   93 8.640012e-03
12   94 -8.640012e-03
12   95 4.521535e-03
12   96 -4.521535e-03
12   97 1.526729e-03
12   98 -1.526729e-03
12   99 -4.100175e-05
12   100 4.100175e-05
12   101 -6.549342e-04
12   102 6.549342e-04
12   103 -8.961196e-04
12   104 8.961196e-04
13   5 -6.921206e+01
13   6 6.921206e+01
13   7 -1.341051e+02
13   8 1.341051e+02
13   9 -1.021070e+02
13   10 1.021070e+02
13   11 1.030579e+02
13   12 -1.030579e+02
13   13 3.758350e+02
13   14 -3.758350e+02
13   15 1.034581e+02
13   16 -1.034581e+02
13   17 -1.039250e+02
13   18 1.039250e+02
13   19 -1.432216e+02
13   20 1.432216e+02
13   21 -9.010588e+01
13   22 9.010588e+01
13   23 -2.531947e+01
13   24 2.531947e+01
13   25 1.408735e+01
13   26 -1.408735e+01
13   27 2.574217e+01
13   28 -2.574217e+01
13   29 2.115168e+01
13   30 -2.115168e+01
13   31 1.175288e+01
13   32 -1.175288e+01
13   33 3.976086e+00
13   34 -3.976086e+00
13   35 -3.255062e-01
13   36 3.255062e-01
13   37 -1.767690e+00
13   38 1.767690e+00
13   39 -1.645825e+00
13   40 1.645825e+00
13   41 -1.009623e+00
13   42 1.009623e+00
13   43 -4.242907e-01
13   44 4.242907e-01
13   45 -7.148414e-02
13   46 7.148414e-02
13   47 6.911543e-02
13   48 -6.911543e-02
13   49 8.074313e-02
13   50 -8.074313e-02
13   51 3.999898e-02
13   52 -3.999898e-02
13   53 -3.080053e+00
13   54 3.080053e+00
13   55 -3.287607e+00
13   56 3.287607e+00
13   57 -2.462024e+00
13   58 2.462024e+00
13   59 3.653605e-01
13   60 -3.653605e-01
13   61 4.716908e+00
13   62 -4.716908e+00
13   63 7.530099e+00
13   64 -7.530099e+00
13   65 4.733158e+00
13   66 -4.733158e+00
13   67 3.918859e-01
13   68 -3.918859e-01
13   69 -2.398087e+00
13   70 2.398087e+00
13   71 -3.050174e+00
13   72 3.050174e+00
13   73 -2.357240e+00
13   74 2.357240e+00
13   75 -1.286360e+00
13   76 1.286360e+00
13   77 -4.257634e-01
13   78 4.257634e-01
13   79 5.057704e-02
13   80 -5.057704e-02
13   81 2.111839e-01
13   82 -2.111839e-01
13   83 1.963542e-01
13   84 -1.963542e-01
13   85 1.221730e-01
13   86 -1.221730e-01
13   87 5.285060e-02
13   88 -5.285060e-02
13   89 9.914749e-03
13   90 -9.914749e-03
13   91 -8.453683e-03
13   92 8.453683e-03
13   93 -1.175136e-02
13   94 1.175136e-02
13   95 -8.715598e-03
13   96 8.715598e-03
13   97 -4.612786e-03
13   98 4.612786e-03
13   99 -1.541668e-03
13   100 1.541668e-03
13   101 3.241886e-04
13   102 -3.241886e-04
13   103 1.592976e-03
13   104 -1.592976e-03
14   5 6.921206e+01
14   6 -6.921206e+01
14   7 1.341051e+02
14   8 -1.341051e+02
14   9 1.021070e+02
14   10 -1.021070e+02
14   11 -1.030579e+02
14   12 1.030579e+02
14   13 -3.758350e+02
14   14 3.758350e+02
14   15 -1.034581e+02
14   16 1.034581e+02
14   17 1.039250e+02
14   18 -1.039250e+02
14   19 1.432216e+02
14   20 -1.432216e+02
14   21 9.010588e+01
14   22 -9.010588e+01
14   23 2.531947e+01
14   24 -2.531947e+01
14   25 -1.408735e+01
14   26 1.408735e+01
14   27 -2.574217e+01
14   28 2.574217e+01
14   29 -2.115168e+01
14   30 2.115168e+01
14   31 -1.175288e+01
14   32 1.175288e+01
14   33 -3.976086e+00
14   34 3.976086e+00
14   35 3.255062e-01
14   36 -3.255062e-01
14   37 1.767690e+00
14   38 -1.767690e+00
14   39 1.645825e+00
14   40 -1.645825e+00
14   41 1.009623e+00
14   42 -1.009623e+00
14   43 4.242907e-01
14   44 -4.242907e-01
14   45 7.148414e-02
14   46 -7.148414e-02
14   47 -6.911543e-02
14   48 6.911543e-02
14   49 -8.074313e-02
14   50 8.074313e-02
14   51 -3.999898e-02
14   52 3.999898e-02
14   53 3.080053e+00
14   54 -3.080053e+00
14   55 3.287607e+00
14   56 -3.287607e+00
14   57 2.462024e+00
14   58 -2.462024e+00
14   59 -3.653605e-01
14   60 3.653605e-01
14   61 -4.716908e+00
14   62 4.716908e+00
14   63 -7.530099e+00
14   64 7.530099e+00
14   65 -4.733158e+00
14   66 4.733158e+00
14   67 -3.918859e-01
14   68 3.918859e-01
14   69 2.398087e+00
14   70 -2.398087e+00
14   71 3.050174e+00
14   72 -3.050174e+00
14   73 2.357240e+00
14   74 -2.357240e+00
14   75 1.286360e+00
14   76 -1.286360e+00
14   77 4.257634e-01
14   78 -4.257634e-01
14   79 -5.057704e-02
14   80 5.057704e-02
14   81 -2.111839e-01
14   82 2.111839e-01
14   83 -1.963542e-01
14   84 1.963542e-01
14   85 -1.221730e-01
14   86 1.221730e-01
14   87 -5.285060e-02
14   88 5.285060e-02
14   89 -9.914749e-03
14   90 9.914749e-03
14   91 8.453683e-03
14   92 -8.453683e-03
14   93 1.175136e-02
14   94 -1.175136e-02
14   95 8.715598e-03
14   96 -8.715598e-03
14   97 4.612786e-03
14   98 -4.612786e-03
14   99 1.541668e-03
14   100 -1.541668e-03
14   101 -3.241886e-04
14   102 3.241886e-04
14   103 -1.592976e-03
14   104 1.592976e-03
15   5 -3.790739e+01
15   6 3.790739e+01
15   7 -1.007276e+02
15   8 1.007276e+02
15   9 -1.500956e+02
15   10 1.500956e+02
15   11 -1.068610e+02
15   12 1.068610e+02
15   13 1.034581e+02
15   14 -1.034581e+02
15   15 3.774582e+02
15   16 -3.774582e+02
15   17 1.046804e+02
15   18 -1.046804e+02
15   19 -1.033757e+02
15   20 1.033757e+02
15   21 -1.431192e+02
15   22 1.431192e+02
15   23 -9.018362e+01
15   24 9.018362e+01
15   25 -2.541750e+01
15   26 2.541750e+01
15   27 1.402649e+01
15   28 -1.402649e+01
15   29 2.571986e+01
15   30 -2.571986e+01
15   31 2.115158e+01
15   32 -2.115158e+01
15   33 1.176030e+01
15   34 -1.176030e+01
15   35 3.983229e+00
15   36 -3.983229e+00
15   37 -3.208263e-01
15   38 3.208263e-01
15   39 -1.764972e+00
15   40 1.764972e+00
15   41 -1.644266e+00
15   42 1.644266e+00
15   43 -1.009623e+00
15   44 1.009623e+00
15   45 -4.282596e-01
15   46 4.282596e-01
15   47 -8.384049e-02
15   48 8.384049e-02
15   49 4.354537e-02
15   50 -4.354537e-02
15   51 4.141670e-02
15   52 -4.141670e-02
15   53 -7.094309e-01
15   54 7.094309e-01
15   55 -2.208343e+00
15   56 2.208343e+00
15   57 -3.141408e+00
15   58 3.141408e+00
15   59 -2.570900e+00
15   60 2.570900e+00
15   61 2.401011e-01
15   62 -2.401011e-01
15   63 4.646229e+00
15   64 -4.646229e+00
15   65 7.508026e+00
15   66 -7.508026e+00
15   67 4.735461e+00
15   68 -4.735461e+00
15   69 4.003206e-01
15   70 -4.003206e-01
15   71 -2.391719e+00
15   72 2.391719e+00
15   73 -3.047402e+00
15   74 3.047402e+00
15   75 -2.356904e+00
15   76 2.356904e+00
15   77 -1.286996e+00
15   78 1.286996e+00
15   79 -4.264626e-01
15   80 4.264626e-01
15   81 5.014727e-02
15   82 -5.014727e-02
15   83 2.110251e-01
15   84 -2.110251e-01
15   85 1.963555e-01
15   86 -1.963555e-01
15   87 1.222278e-01
15   88 -1.222278e-01
15   89 5.288913e-02
15   90 -5.288913e-02
15   91 9.896401e-03
15   92 -9.896401e-03
15   93 -8.552190e-03
15   94 8.552190e-03
15   95 -1.193002e-02
15   96 1.193002e-02
15   97 -8.915175e-03
15   98 8.915175e-03
15   99 -4.648831e-03
15   100 4.648831e-03
15   101 -1.032494e-03
15   102 1.032494e-03
15   103 1.965611e-03
15   104 -1.965611e-03
16   5 3.790739e+01
16   6 -3.790739e+01
16   7 1.007276e+02
16   8 -1.007276e+02
16   9 1.500956e+02
16   10 -1.500956e+02
16   11 1.068610e+02
16   12 -1.068610e+02
16   13 -1.034581e+02
16   14 1.034581e+02
16   15 -3.774582e+02
16   16 3.774582e+02
16   17 -1.046804e+02
16   18 1.046804e+02
16   19 1.033757e+02
16   20 -1.033757e+02
16   21 1.431192e+02
16   22 -1.431192e+02
16   23 9.018362e+01
16   24 -9.018362e+01
16   25 2.541750e+01
16   26 -2.541750e+01
16   27 -1.402649e+01
16   28 1.402649e+01
16   29 -2.571986e+01
16   30 2.571986e+01
16   31 -2.115158e+01
16   32 2.115158e+01
16   33 -1.176030e+01
16   34 1.176030e+01
16   35 -3.983229e+00
16   36 3.983229e+00
16   37 3.208263e-01
16   38 -3.208263e-01
16   39 1.764972e+00
16   40 -1.764972e+00
16   41 1.644266e+00
16   42 -1.644266e+00
16   43 1.009623e+00
16   44 -1.009623e+00
16   45 4.282596e-01
16   46 -4.282596e-01
16   47 8.384049e-02
16   48 -8.384049e-02
16   49 -4.354537e-02
16   50 4.354537e-02
16   51 -4.141670e-02
16   52 4.141670e-02
16   53 7.094309e-01
16   54 -7.094309e-01
16   55 2.208343e+00
16   56 -2.208343e+00
16   57 3.141408e+00
16   58 -3.141408e+00
16   59 2.570900e+00
16   60 -2.570900e+00
16   61 -2.401011e-01
16   62 2.401011e-01
16   63 -4.646229e+00
16   64 4.646229e+00
16   65 -7.508026e+00
16   66 7.508026e+00
16   67 -4.735461e+00
16   68 4.735461e+00
16   69 -4.003206e-01
16   70 4.003206e-01
16   71 2.391719e+00
16   72 -2.391719e+00
16   73 3.047402e+00
16   74 -3.047402e+00
16   75 2.356904e+00
16   76 -2.356904e+00
16   77 1.286996e+00
16   78 -1.286996e+00
16   79 4.264626e-01
16   80 -4.264626e-01
16   81 -5.014727e-02
16   82 5.014727e-02
16   83 -2.110251e-01
16   84 2.110251e-01
16   85 -1.963555e-01
16   86 1.963555e-01
16   87 -1.222278e-01
16   88 1.222278e-01
16   89 -5.288913e-02
16   90 5.288913e-02
16   91 -9.896401e-03
16   92 9.896401e-03
16   93 8.552190e-03
16   94 -8.552190e-03
16   95 1.193002e-02
16   96 -1.193002e-02
16   97 8.915175e-03
16   98 -8.915175e-03
16   99 4.648831e-03
16   100 -4.648831e-03
16   101 1.032494e-03
16   102 -1.032494e-03
16   103 -1.965611e-03
16   104 1.965611e-03
17   5 -8.036621e+00
17   6 8.036621e+00
17   7 -4.021065e+01
17   8 4.021065e+01
17   9 -9.789912e+01
17   10 9.789912e+01
17   11 -1.459819e+02
17   12 1.459819e+02
17   13 -1.039250e+02
17   14 1.039250e+02
17   15 1.046804e+02
17   16 -1.046804e+02
17   17 3.774760e+02
17   18 -3.774760e+02
17   19 1.041948e+02
17   20 -1.041948e+02
17   21 -1.038851e+02
17   22 1.038851e+02
17   23 -1.434547e+02
17   24 1.434547e+02
17   25 -9.033398e+01
17   26 9.033398e+01
17   27 -2.544635e+01
17   28 2.544635e+01
17   29 1.405154e+01
17   30 -1.405154e+01
17   31 2.575495e+01
17   32 -2.575495e+01
17   33 2.117767e+01
17   34 -2.117767e+01
17   35 1.177423e+01
17   36 -1.177423e+01
17   37 3.988630e+00
17   38 -3.988630e+00
17   39 -3.194390e-01
17   40 3.194390e-01
17   41 -1.764972e+00
17   42 1.764972e+00
17   43 -1.645825e+00
17   44 1.645825e+00
17   45 -1.015712e+00
17   46 1.015712e+00
17   47 -4.438424e-01
17   48 4.438424e-01
17   49 -1.135234e-01
17   50 1.135234e-01
17   51 5.886620e-04
17   52 -5.886620e-04
17   53 4.609694e-01
17   54 -4.609694e-01
17   55 -1.047383e+00
17   56 1.047383e+00
17   57 -2.435772e+00
17   58 2.435772e+00
17   59 -3.223932e+00
17   60 3.223932e+00
17   61 -2.550741e+00
17   62 2.550741e+00
17   63 3.015388e-01
17   64 -3.015388e-01
17   65 4.705118e+00
17   66 -4.705118e+00
17   67 7.546122e+00
17   68 -7.546122e+00
17   69 4.752499e+00
17   70 -4.752499e+00
17   71 4.035486e-01
17   72 -4.035486e-01
17   73 -2.394698e+00
17   74 2.394698e+00
17   75 -3.051579e+00
17   76 3.051579e+00
17   77 -2.360034e+00
17   78 2.360034e+00
17   79 -1.288649e+00
17   80 1.288649e+00
17   81 -4.270131e-01
17   82 4.270131e-01
17   83 5.017598e-02
17   84 -5.017598e-02
17   85 2.112436e-01
17   86 -2.112436e-01
17   87 1.965559e-01
17   88 -1.965559e-01
17   89 1.223295e-01
17   90 -1.223295e-01
17   91 5.287145e-02
17   92 -5.287145e-02
17   93 9.759309e-03
17   94 -9.759309e-03
17   95 -8.785416e-03
17   96 8.785416e-03
17   97 -1.216849e-02
17   98 1.216849e-02
17   99 -8.926282e-03
17   100 8.926282e-03
17   101 -3.989496e-03
17   102 3.989496e-03
17   103 9.385031e-04
17   104 -9.385031e-04
18   5 8.036621e+00
18   6 -8.036621e+00
18   7 4.021065e+01
18   8 -4.021065e+01
18   9 9.789912e+01
18   10 -9.789912e+01
18   11 1.459819e+02
18   12 -1.459819e+02
18   13 1.039250e+02
18   14 -1.039250e+02
18   15 -1.046804e+02
18   16 1.046804e+02
18   17 -3.774760e+02
18   18 3.774760e+02
18   19 -1.041948e+02
18   20 1.041948e+02
18   21 1.038851e+02
18   22 -1.038851e+02
18   23 1.434547e+02
18   24 -1.434547e+02
18   25 9.033398e+01
18   26 -9.033398e+01
18   27 2.544635e+01
18   28 -2.544635e+01
18   29 -1.405154e+01
18   30 1.405154e+01
18   31 -2.575495e+01
18   32 2.575495e+01
18   33 -2.117767e+01
18   34 2.117767e+01
18   35 -1.177423e+01
18   36 1.177423e+01
18   37 -3.988630e+00
18   38 3.988630e+00
18   39 3.194390e-01
18   40 -3.194390e-01
18   41 1.764972e+00
18   42 -1.764972e+00
18   43 1.645825e+00
18   44 -1.645825e+00
18   45 1.015712e+00
18   46 -1.015712e+00
18   47 4.438424e-01
18   48 -4.438424e-01
18   49 1.135234e-01
18   50 -1.135234e-01
18   51 -5.886620e-04
18   52 5.886620e-04
18   53 -4.609694e-01
18   54 4.609694e-01
18   55 1.047383e+00
18   56 -1.047383e+00
18   57 2.435772e+00
18   58 -2.435772e+00
18   59 3.223932e+00
18   60 -3.223932e+00
18   61 2.550741e+00
18   62 -2.550741e+00
18   63 -3.015388e-01
18   64 3.015388e-01
18   65 -4.705118e+00
18   66 4.705118e+00
18   67 -7.546122e+00
18   68 7.546122e+00
18   69 -4.752499e+00
18   70 4.752499e+00
18   71 -4.035486e-01
18   72 4.035486e-01
18   73 2.394698e+00
18   74 -2.394698e+00
18   75 3.051579e+00
18   76 -3.051579e+00
18   77 2.360034e+00
18   78 -2.360034e+00
18   79 1.288649e+00
18   80 -1.288649e+00
18   81 4.270131e-01
18   82 -4.270131e-01
18   83 -5.017598e-02
18   84 5.017598e-02
18   85 -2.112436e-01
18   86 2.112436e-01
18   87 -1.965559e-01
18   88 1.965559e-01
18   89 -1.223295e-01
18   90 1.223295e-01
18   91 -5.287145e-02
18   92 5.287145e-02
18   93 -9.759309e-03
18   94 9.759309e-03
18   95 8.785416e-03
18   96 -8.785416e-03
18   97 1.216849e-02
18   98 -1.216849e-02
18   99 8.926282e-03
18   100 -8.926282e-03
18   101 3.989496e-03
18   102 -3.989496e-03
18   103 -9.385031e-04
18   104 9.385031e-04
19   5 7.602193e+00
19   6 -7.602193e+00
19   7 2.645603e+00
19   8 -2.645603e+00
19   9 -3.080848e+01
19   10 3.080848e+01
19   11 -9.184326e+01
19   12 9.184326e+01
19   13 -1.432216e+02
19   14 1.432216e+02
19   15 -1.033757e+02
19   16 1.033757e+02
19   17 1.041948e+02
19   18 -1.041948e+02
19   19 3.767661e+02
19   20 -3.767661e+02
19   21 1.036452e+02
19   22 -1.036452e+02
19   23 -1.041874e+02
19   24 1.041874e+02
19   25 -1.435642e+02
19   26 1.435642e+02
19   27 -9.033766e+01
19   28 9.033766e+01
19   29 -2.541219e+01
19   30 2.541219e+01
19   31 1.408658e+01
19   32 -1.408658e+01
19   33 2.577796e+01
19   34 -2.577796e+01
19   35 2.118870e+01
19   36 -2.118870e+01
19   37 1.177769e+01
19   38 -1.177769e+01
19   39 3.988630e+00
19   40 -3.988630e+00
19   41 -3.208263e-01
19   42 3.208263e-01
19   43 -1.767690e+00
19   44 1.767690e+00
19   45 -1.650928e+00
19   46 1.650928e+00
19   47 -1.023860e+00
19   48 1.023860e+00
19   49 -4.535824e-01
19   50 4.535824e-01
19   51 -1.206425e-01
19   52 1.206425e-01
19   53 7.513661e-01
19   54 -7.513661e-01
19   55 -2.346589e-01
19   56 2.346589e-01
19   57 -1.334163e+00
19   58 1.334163e+00
19   59 -2.473158e+00
19   60 2.473158e+00
19   61 -3.152271e+00
19   62 3.152271e+00
19   63 -2.460429e+00
19   64 2.460429e+00
19   65 3.692972e-01
19   66 -3.692972e-01
19   67 4.742124e+00
19   68 -4.742124e+00
19   69 7.559624e+00
19   70 -7.559624e+00
19   71 4.753093e+00
19   72 -4.753093e+00
19   73 3.994399e-01
19   74 -3.994399e-01
19   75 -2.398997e+00
19   76 2.398997e+00
19   77 -3.054435e+00
19   78 3.054435e+00
19   79 -2.361393e+00
19   80 2.361393e+00
19   81 -1.289020e+00
19   82 1.289020e+00
19   83 -4.269186e-01
19   84 4.269186e-01
19   85 5.039190e-02
19   86 -5.039190e-02
19   87 2.114163e-01
19   88 -2.114163e-01
19   89 1.966338e-01
19   90 -1.966338e-01
19   91 1.223125e-01
19   92 -1.223125e-01
19   93 5.278026e-02
19   94 -5.278026e-02
19   95 9.634509e-03
19   96 -9.634509e-03
19   97 -8.867650e-03
19   98 8.867650e-03
19   99 -1.208653e-02
19   100 1.208653e-02
19   101 -8.534742e-03
19   102 8.534742e-03
19   103 -3.182106e-03
19   104 3.182106e-03
20   5 -7.602193e+00
20   6 7.602193e+00
20   7 -2.645603e+00
20   8 2.645603e+00
20   9 3.080848e+01
20   10 -3.080848e+01
20   11 9.184326e+01
20   12 -9.184326e+01
20   13 1.432216e+02
20   14 -1.432216e+02
20   15 1.033757e+02
20   16 -1.033757e+02
20   17 -1.041948e+02
20   18 1.041948e+02
20   19 -3.767661e+02
20   20 3.767661e+02
20   21 -1.036452e+02
20   22 1.036452e+02
20   23 1.041874e+02
20   24 -1.041874e+02
20   25 1.435642e+02
20   26 -1.435642e+02
20   27 9.033766e+01
20   28 -9.033766e+01
20   29 2.541219e+01
20   30 -2.541219e+01
20   31 -1.408658e+01
20   32 1.408658e+01
20   33 -2.577796e+01
20   34 2.577796e+01
20   35 -2.118870e+01
20   36 2.118870e+01
20   37 -1.177769e+01
20   38 1.177769e+01
20   39 -3.988630e+00
20   40 3.988630e+00
20   41 3.208263e-01
20   42 -3.208263e-01
20   43 1.767690e+00
20   44 -1.767690e+00
20   45 1.650928e+00
20   46 -1.650928e+00
20   47 1.023860e+00
20   48 -1.023860e+00
20   49 4.535824e-01
20   50 -4.535824e-01
20   51 1.206425e-01
20   52 -1.206425e-01
20   53 -7.513661e-01
20   54 7.513661e-01
20   55 2.346589e-01
20   56 -2.346589e-01
20   57 1.334163e+00
20   58 -1.334163e+00
20   59 2.473158e+00
20   60 -2.473158e+00
20   61 3.152271e+00
20   62 -3.152271e+00
20   63 2.460429e+00
20   64 -2.460429e+00
20   65 -3.692972e-01
20   66 3.692972e-01
20   67 -4.742124e+00
20   68 4.742124e+00
20   69 -7.559624e+00
20   70 7.559624e+00
20   71 -4.753093e+00
20   72 4.753093e+00
20   73 -3.994399e-01
20   74 3.994399e-01
20   75 2.398997e+00
20   76 -2.398997e+00
20   77 3.054435e+00
20   78 -3.054435e+00
20   79 2.361393e+00
20   80 -2.361393e+00
20   81 1.289020e+00
20   82 -1.289020e+00
20   83 4.269186e-01
20   84 -4.269186e-01
20   85 -5.039190e-02
20   86 5.039190e-02
20   87 -2.114163e-01
20   88 2.114163e-01
20   89 -1.966338e-01
20   90 1.966338e-01
20   91 -1.223125e-01
20   92 1.223125e-01
20   93 -5.278026e-02
20   94 5.278026e-02
20   95 -9.634509e-03
20   96 9.634509e-03
20   97 8.867650e-03
20   98 -8.867650e-03
20   99 1.208653e-02
20   100 -1.208653e-02
20   101 8.534742e-03
20   102 -8.534742e-03
20   103 3.182106e-03
20   104 -3.182106e-03
21   5 1.093476e+01
21   6 -1.093476e+01
21   7 1.953833e+01
21   8 -1.953833e+01
21   9 1.129931e+01
21   10 -1.129931e+01
21   11 -2.610890e+01
21   12 2.610890e+01
21   13 -9.010588e+01
21   14 9.010588e+01
21   15 -1.431192e+02
21   16 1.431192e+02
21   17 -1.038851e+02
21   18 1.038851e+02
21   19 1.036452e+02
21   20 -1.036452e+02
21   21 3.763914e+02
21   22 -3.763914e+02
21   23 1.034602e+02
21   24 -1.034602e+02
21   25 -1.042433e+02
21   26 1.042433e+02
21   27 -1.435569e+02
21   28 1.435569e+02
21   29 -9.031173e+01
21   30 9.031173e+01
21   31 -2.538917e+01
21   32 2.538917e+01
21   33 1.410042e+01
21   34 -1.410042e+01
21   35 2.578354e+01
21   36 -2.578354e+01
21   37 2.118870e+01
21   38 -2.118870e+01
21   39 1.177423e+01
21   40 -1.177423e+01
21   41 3.983229e+00
21   42 -3.983229e+00
21   43 -3.255062e-01
21   44 3.255062e-01
21   45 -1.765093e+00
21   46 1.765093e+00
21   47 -1.628212e+00
21   48 1.628212e+00
21   49 -9.635885e-01
21   50 9.635885e-01
21   51 -3.466513e-01
21   52 3.466513e-01
21   53 6.019410e-01
21   54 -6.019410e-01
21   55 1.601990e-01
21   56 -1.601990e-01
21   57 -4.447673e-01
21   58 4.447673e-01
21   59 -1.341384e+00
21   60 1.341384e+00
21   61 -2.406668e+00
21   62 2.406668e+00
21   63 -3.082220e+00
21   64 3.082220e+00
21   65 -2.412752e+00
21   66 2.412752e+00
21   67 3.930726e-01
21   68 -3.930726e-01
21   69 4.749602e+00
21   70 -4.749602e+00
21   71 7.559008e+00
21   72 -7.559008e+00
21   73 4.749977e+00
21   74 -4.749977e+00
21   75 3.965830e-01
21   76 -3.965830e-01
21   77 -2.400760e+00
21   78 2.400760e+00
21   79 -3.055213e+00
21   80 3.055213e+00
21   81 -2.361572e+00
21   82 2.361572e+00
21   83 -1.288944e+00
21   84 1.288944e+00
21   85 -4.267945e-01
21   86 4.267945e-01
21   87 5.048097e-02
21   88 -5.048097e-02
21   89 2.114704e-01
21   90 -2.114704e-01
21   91 1.967045e-01
21   92 -1.967045e-01
21   93 1.224805e-01
21   94 -1.224805e-01
21   95 5.311544e-02
21   96 -5.311544e-02
21   97 1.009809e-02
21   98 -1.009809e-02
21   99 -8.614757e-03
21   100 8.614757e-03
21   101 -1.294401e-02
21   102 1.294401e-02
21   103 -1.209876e-02
21   104 1.209876e-02
22   5 -1.093476e+01
22   6 1.093476e+01
22   7 -1.953833e+01
22   8 1.953833e+01
22   9 -1.129931e+01
22   10 1.129931e+01
22   11 2.610890e+01
22   12 -2.610890e+01
22   13 9.010588e+01
22   14 -9.010588e+01
22   15 1.431192e+02
22   16 -1.431192e+02
22   17 1.038851e+02
22   18 -1.038851e+02
22   19 -1.036452e+02
22   20 1.036452e+02
22   21 -3.763914e+02
22   22 3.763914e+02
22   23 -1.034602e+02
22   24 1.034602e+02
22   25 1.042433e+02
22   26 -1.042433e+02
22   27 1.435569e+02
22   28 -1.435569e+02
22   29 9.031173e+01
22   30 -9.031173e+01
22   31 2.538917e+01
22   32 -2.538917e+01
22   33 -1.410042e+01
22   34 1.410042e+01
22   35 -2.578354e+01
22   36 2.578354e+01
22   37 -2.118870e+01
22   38 2.118870e+01
22   39 -1.177423e+01
22   40 1.177423e+01
22   41 -3.983229e+00
22   42 3.983229e+00
22   43 3.255062e-01
22   44 -3.255062e-01
22   45 1.765093e+00
22   46 -1.765093e+00
22   47 1.628212e+00
22   48 -1.628212e+00
22   49 9.635885e-01
22   50 -9.635885e-01
22   51 3.466513e-01
22   52 -3.466513e-01
22   53 -6.019410e-01
22   54 6.019410e-01
22   55 -1.601990e-01
22   56 1.601990e-01
22   57 4.447673e-01
22   58 -4.447673e-01
22   59 1.341384e+00
22   60 -1.341384e+00
22   61 2.406668e+00
22   62 -2.406668e+00
22   63 3.082220e+00
22   64 -3.082220e+00
22   65 2.412752e+00
22   66 -2.412752e+00
22   67 -3.930726e-01
22   68 3.930726e-01
22   69 -4.749602e+00
22   70 4.749602e+00
22   71 -7.559008e+00
22   72 7.559008e+00
22   73 -4.749977e+00
22   74 4.749977e+00
22   75 -3.965830e-01
22   76 3.965830e-01
22   77 2.400760e+00
22   78 -2.400760e+00
22   79 3.055213e+00
22   80 -3.055213e+00
22   81 2.361572e+00
22   82 -2.361572e+00
22   83 1.288944e+00
22   84 -1.288944e+00
22   85 4.267945e-01
22   86 -4.267945e-01
22   87 -5.048097e-02
22   88 5.048097e-02
22   89 -2.114704e-01
22   90 2.114704e-01
22   91 -1.967045e-01
22   92 1.967045e-01
22   93 -1.224805e-01
22   94 1.224805e-01
22   95 -5.311544e-02
22   96 5.311544e-02
22   97 -1.009809e-02
22   98 1.009809e-02
22   99 8.614757e-03
22   100 -8.614757e-03
22   101 1.294401e-02
22   102 -1.294401e-02
22   103 1.209876e-02
22   104 -1.209876e-02
23   5 8.109036e+00
23   6 -8.109036e+00
23   7 1.902019e+01
23   8 -1.902019e+01
23   9 2.486751e+01
23   10 -2.486751e+01
23   11 1.388814e+01
23   12 -1.388814e+01
23   13 -2.531947e+01
23   14 2.531947e+01
23   15 -9.018362e+01
23   16 9.018362e+01
23   17 -1.434547e+02
23   18 1.434547e+02
23   19 -1.041874e+02
23   20 1.041874e+02
23   21 1.034602e+02
23   22 -1.034602e+02
23   23 3.763102e+02
23   24 -3.763102e+02
23   25 1.034416e+02
23   26 -1.034416e+02
23   27 -1.042348e+02
23   28 1.042348e+02
23   29 -1.435425e+02
23   30 1.435425e+02
23   31 -9.030053e+01
23   32 9.030053e+01
23   33 -2.538356e+01
23   34 2.538356e+01
23   35 1.410042e+01
23   36 -1.410042e+01
23   37 2.577796e+01
23   38 -2.577796e+01
23   39 2.117767e+01
23   40 -2.117767e+01
23   41 1.176030e+01
23   42 -1.176030e+01
23   43 3.976086e+00
23   44 -3.976086e+00
23   45 -3.031707e-01
23   46 3.031707e-01
23   47 -1.674666e+00
23   48 1.674666e+00
23   49 -1.424911e+00
23   50 1.424911e+00
23   51 -6.351976e-01
23   52 6.351976e-01
23   53 3.393969e-01
23   54 -3.393969e-01
23   55 2.550263e-01
23   56 -2.550263e-01
23   57 4.961129e-02
23   58 -4.961129e-02
23   59 -4.397203e-01
23   60 4.397203e-01
23   61 -1.300252e+00
23   62 1.300252e+00
23   63 -2.368094e+00
23   64 2.368094e+00
23   65 -3.057988e+00
23   66 3.057988e+00
23   67 -2.401702e+00
23   68 2.401702e+00
23   69 3.959493e-01
23   70 -3.959493e-01
23   71 4.748817e+00
23   72 -4.748817e+00
23   73 7.557323e+00
23   74 -7.557323e+00
23   75 4.748603e+00
23   76 -4.748603e+00
23   77 3.957993e-01
23   78 -3.957993e-01
23   79 -2.401080e+00
23   80 2.401080e+00
23   81 -3.055284e+00
23   82 3.055284e+00
23   83 -2.361562e+00
23   84 2.361562e+00
23   85 -1.288936e+00
23   86 1.288936e+00
23   87 -4.267892e-01
