Incumbent: 225150.9816334463
Dual: 224190.18663334011
