{
 "cells": [
  {
   "cell_type": "markdown",
   "id": "opposite-garage",
   "metadata": {},
   "source": [
    "# Reactor Kinetics Example \n",
    "\n",
    "Jialu Wang (jwang44@nd.edu) and Alex Dowling (adowling@nd.edu)\n",
    "\n",
    "University of Notre Dame\n",
    "\n",
    "This notebook conducts design of experiments for a reactor kinetics experiment with the Pyomo.DOE.\n",
    "    "
   ]
  },
  {
   "cell_type": "code",
   "execution_count": 1,
   "id": "worth-origin",
   "metadata": {},
   "outputs": [],
   "source": [
    "import matplotlib.pyplot as plt\n",
    "from pyomo.environ import *\n",
    "from pyomo.dae import *\n",
    "\n",
    "import numpy as np\n",
    "from scipy.interpolate import interp2d\n",
    "import pandas as pd \n",
    "\n",
    "from DoE_package import *\n",
    "from pyomo.contrib.sensitivity_toolbox.sens import sipopt"
   ]
  },
  {
   "cell_type": "markdown",
   "id": "graphic-controversy",
   "metadata": {},
   "source": [
    "## Define Reaction Example Mathematical Model"
   ]
  },
  {
   "cell_type": "markdown",
   "id": "disturbed-prediction",
   "metadata": {},
   "source": [
    "Consider two chemical reactions that converts molecule $A$ to desired product $B$ and a less valuable side-product $C$.\n",
    "\n",
    "$A \\overset{k_1}{\\rightarrow} B \\overset{k_2}{\\rightarrow} C$\n",
    "\n",
    "Our ultimate goals is to design a large-scale continous reactor that maximizes the production of $B$. This general sequential reactions problem is widely applicable to CO$_2$ capture and industry more broadly (petrochemicals, pharmasuticals, etc.).\n",
    "\n",
    "The rate laws for these two chemical reactions are:\n",
    "\n",
    "$r_A = -k_1 C_A$\n",
    "\n",
    "$r_B = k_1 C_A - k_2 C_B$\n",
    "\n",
    "$r_C = k_2 C_B$\n",
    "\n",
    "Here, $C_A$, $C_B$, and $C_C$ are the concentrations of each species. The rate constants $k_1$ and $k_2$ depend on temperature as follows:\n",
    "\n",
    "$k_1 = A_1 \\exp{\\frac{-E_1}{R T}}$\n",
    "\n",
    "$k_2 = A_2 \\exp{\\frac{-E_2}{R T}}$\n",
    "\n",
    "$A_1, A_2, E_1$, and $E_2$ are fitted model parameters. $R$ is the ideal-gas constant and $T$ is absolute temperature.\n",
    "\n",
    "Using the **CCSI$^2$ toolset**, we would like do the following perform:\n",
    "\n",
    "Perform **uncertainty quantification** and **design of experiments** on a small-scale **batch reactor** to infer parameters $A_1$, $A_2$, $E_1$, and $E_2$."
   ]
  },
  {
   "cell_type": "markdown",
   "id": "sweet-niger",
   "metadata": {},
   "source": [
    "### Batch reactor\n",
    "\n",
    "The concenrations in a batch reactor evolve with time per the following differential equations:\n",
    "\n",
    "$$ \\frac{d C_A}{dt} = r_A = -k_1 C_A $$\n",
    "\n",
    "$$ \\frac{d C_B}{dt} = r_B = k_1 C_A - k_2 C_B $$\n",
    "\n",
    "$$ \\frac{d C_C}{dt} = r_C = k_2 C_B $$\n",
    "\n",
    "This is a linear system of differential equations. Assuming the feed is only species $A$, i.e., \n",
    "\n",
    "$$C_A(t=0) = C_{A0} \\quad C_B(t=0) = 0 \\quad C_C(t=0) = 0$$\n",
    "\n",
    "When the temperature is constant, it leads to the following analytic solution:\n",
    "\n",
    "$$C_A(t) = C_{A,0} \\exp(-k_1 t)$$\n",
    "\n",
    "$$C_B(t) = \\frac{k_1}{k_2 - k_1} C_{A,0} \\left[\\exp(-k_1 t) - \\exp(-k_2 t) \\right]$$\n",
    "\n",
    "$$C_C(t) = C_{A,0} - \\frac{k_2}{k_2 - k_1} C_{A,0} \\exp(-k_1 t) + \\frac{k_1}{k_2 - k_1} \\exp(-k_2 t) C_{A,0} = C_{A,0} - C_{A}(t) - C_{B}(t)$$"
   ]
  },
  {
   "cell_type": "code",
   "execution_count": 2,
   "id": "eligible-robert",
   "metadata": {},
   "outputs": [],
   "source": [
    "from reactor_models import *"
   ]
  },
  {
   "cell_type": "markdown",
   "id": "6f7434dc",
   "metadata": {},
   "source": [
    "Three versions of this model is accomplished: \n",
    "\n",
    "Dynamic-DAE model: Temperature varying model discretized and integrated by Pyomo.DAE\n",
    "\n",
    "Constant-DAE model: Temperature constant model discretized and integrated by Pyomo.DAE\n",
    "\n",
    "Constant-analytical model: Temperature constant model discretized manually and using the analytical expressions for state variables."
   ]
  },
  {
   "cell_type": "code",
   "execution_count": 3,
   "id": "d576e9c4",
   "metadata": {},
   "outputs": [],
   "source": [
    "# choose model from 'dynamic-DAE', 'constant-DAE', 'constant-analytical'\n",
    "#model_opt = 'dynamic-DAE'\n",
    "model_opt = 'constant-DAE'\n",
    "#model_opt = 'constant-analytical'\n",
    "\n",
    "if (model_opt=='dynamic-DAE'):\n",
    "    createmod = create_model_dae\n",
    "    disc = discretizer\n",
    "    t_control = [0, 0.125, 0.25, 0.375, 0.5, 0.625, 0.75, 0.875, 1]\n",
    "    \n",
    "elif (model_opt=='constant-DAE'):\n",
    "    createmod = create_model_dae_const\n",
    "    disc = discretizer\n",
    "    t_control = [0]\n",
    "    \n",
    "elif (model_opt=='constant-analytical'):\n",
    "    createmod = create_model_alge\n",
    "    disc = None\n",
    "    t_control = [0]\n",
    "\n",
    "    \n",
    "# design variable and its control time set\n",
    "dv_pass = {'CA0': [0],'T': t_control}\n",
    "    \n",
    "# Define measurement time points\n",
    "t_measure = [0, 0.125, 0.25, 0.375, 0.5, 0.625, 0.75, 0.875, 1]"
   ]
  },
  {
   "cell_type": "code",
   "execution_count": 4,
   "id": "47137cb2",
   "metadata": {},
   "outputs": [],
   "source": [
    "# Define parameter nominal value \n",
    "parameter_dict = {'A1': 84.79085853498033, 'A2': 371.71773413976416, 'E1': 7.777032028026428, 'E2': 15.047135137500822}\n",
    "\n",
    "def generate_exp(t_set, CA0, T):  \n",
    "    '''Generate experiments. \n",
    "    t_set: time control set for T.\n",
    "    CA0: CA0 value\n",
    "    T: A list of T \n",
    "    '''\n",
    "    assert(len(t_set)==len(T)), 'T should have the same length as t_set'\n",
    "    \n",
    "    T_con_initial = {}\n",
    "    for t, tim in enumerate(t_set):\n",
    "        T_con_initial[tim] = T[t]\n",
    "        \n",
    "    dv_dict_overall = {'CA0': {0: CA0},'T': T_con_initial}\n",
    "    return dv_dict_overall"
   ]
  },
  {
   "cell_type": "code",
   "execution_count": 5,
   "id": "written-tours",
   "metadata": {},
   "outputs": [
    {
     "name": "stdout",
     "output_type": "stream",
     "text": [
      "The prior information FIM: [[  28.67892806    5.41249739  -81.73674601  -24.02377324]\n",
      " [   5.41249739   26.40935036  -12.41816477 -139.23992532]\n",
      " [ -81.73674601  -12.41816477  240.46276004   58.76422806]\n",
      " [ -24.02377324 -139.23992532   58.76422806  767.25584508]]\n",
      "Prior Det: 140189.67370995492\n",
      "Eigenvalue of the prior experiments FIM: [8.00463185e+02 2.60471503e+02 4.84545259e-01 1.38765050e+00]\n",
      "Eigenvalue of the prior experiments FIM: [[-0.77629273 -0.54211788  0.31871243 -0.0435912 ]\n",
      " [ 0.56614148 -0.80478003 -0.01425817 -0.177791  ]\n",
      " [-0.25919275 -0.19059651 -0.94009108  0.11278677]\n",
      " [ 0.09834911 -0.14869526  0.12019924  0.97661114]]\n"
     ]
    }
   ],
   "source": [
    "# empty prior\n",
    "#prior_all = np.zeros((4,4))\n",
    "\n",
    "\n",
    "# add prior information\n",
    "prior_5_300 = pd.read_csv('fim_5_300_scale.csv')\n",
    "prior_5_300_500 = pd.read_csv('fim_5_300_500_scale.csv')\n",
    "\n",
    "prior_all = prior_5_300_500\n",
    "\n",
    "\n",
    "prior_pass=np.asarray(prior_all)\n",
    "\n",
    "#L_initials = np.linalg.cholesky(prior_pass)\n",
    "#print(L_initials)\n",
    "\n",
    "print('The prior information FIM:', prior_pass)\n",
    "print('Prior Det:', np.linalg.det(prior_pass))\n",
    "print('Eigenvalue of the prior experiments FIM:', np.linalg.eigvals(prior_pass))\n",
    "print('Eigenvalue of the prior experiments FIM:', np.linalg.eigh(prior_pass)[1])"
   ]
  },
  {
   "cell_type": "markdown",
   "id": "destroyed-african",
   "metadata": {},
   "source": [
    "## Compute FIM \n",
    "\n",
    "This method computes an MBDoE optimization problem with no Degree of Freedom."
   ]
  },
  {
   "cell_type": "code",
   "execution_count": null,
   "id": "d3ee5ff9",
   "metadata": {},
   "outputs": [],
   "source": [
    "# choose from 'simultaneous', 'sequential', 'sipopt'\n",
    "#sensi_opt = 'simultaneous_finite'\n",
    "#sensi_opt = 'sequential_finite'\n",
    "sensi_opt = 'sequential_sipopt'\n",
    "#sensi_opt = 'sequential_kaug'\n",
    "\n",
    "# Define experiments\n",
    "if (model_opt=='dynamic-DAE'):\n",
    "    exp1 = generate_exp(t_control, 5, [570.21, 300, 300, 300, 300, 300, 300, 300, 300])\n",
    "else: \n",
    "    exp1 = generate_exp(t_control, 5, [500])\n",
    "\n",
    "print('Design variable:', exp1)"
   ]
  },
  {
   "cell_type": "code",
   "execution_count": null,
   "id": "latin-medicare",
   "metadata": {
    "scrolled": true
   },
   "outputs": [],
   "source": [
    "doe_object = DesignOfExperiments(parameter_dict, dv_pass,\n",
    "                                 ['CA','CB','CC'], t_measure, createmod,\n",
    "                                prior_FIM=prior_pass, discretize_model=disc)\n",
    "\n",
    "\n",
    "if_s = True\n",
    "result = doe_object.compute_FIM(exp1,mode=sensi_opt, FIM_store_name = 'dynamic.csv', scale_nominal_param_value=if_s, formula='central')\n",
    "\n",
    "\n",
    "if sensi_opt == 'simultaneous_finite':\n",
    "    result.extract_FIM(doe_object.m, doe_object.design_timeset,\n",
    "                                                          doe_object.square_result, doe_object.obj_opt)\n",
    "else:\n",
    "    result.calculate_FIM(doe_object.jac, doe_object.design_values)"
   ]
  },
  {
   "cell_type": "code",
   "execution_count": null,
   "id": "64fc6da4",
   "metadata": {},
   "outputs": [],
   "source": [
    "print('======Result summary======')\n",
    "print('Four design criteria log10() value:')\n",
    "print('A-optimality:', np.log10(result.trace))\n",
    "print('D-optimality:', np.log10(result.det))\n",
    "print('E-optimality:', np.log10(result.min_eig))\n",
    "print('Modified E-optimality:', np.log10(result.cond))"
   ]
  },
  {
   "cell_type": "markdown",
   "id": "7dfe1ef2",
   "metadata": {},
   "source": [
    "### Run sequential DOE automatically\n",
    "\n",
    "This method runs a series of experiments in a row."
   ]
  },
  {
   "cell_type": "code",
   "execution_count": null,
   "id": "5273a9af",
   "metadata": {},
   "outputs": [],
   "source": [
    "exp1 = generate_exp(t_control, 5, [300])\n",
    "exp2 = generate_exp(t_control, 5, [500.92])\n",
    "exp3 = generate_exp(t_control, 5, [528])\n",
    "exp4 = generate_exp(t_control, 5, [546.8])\n",
    "exp5 = generate_exp(t_control, 5, [562])"
   ]
  },
  {
   "cell_type": "code",
   "execution_count": null,
   "id": "940683df",
   "metadata": {},
   "outputs": [],
   "source": [
    "\n",
    "exp_all = [exp1, exp2, exp3, exp4, exp5]\n",
    "\n",
    "\n",
    "doe_object = DesignOfExperiments(parameter_dict, dv_pass,\n",
    "                                 ['CA','CB','CC'], t_measure, createmod,\n",
    "                                prior_FIM=prior_pass, discretize_model=disc)\n",
    "\n",
    "# choose from 'simultaneous', 'sequential', 'sipopt'\n",
    "#sensi_opt = 'simultaneous_finite'\n",
    "sensi_opt = 'sequential_finite'\n",
    "#sensi_opt = 'sequential_sipopt'\n",
    "if_s = True\n",
    "result = doe_object.sequential_exp(exp_all, mode=sensi_opt, tee_option=True,\n",
    "                                    scale_nominal_param_value=if_s, formula='central')"
   ]
  },
  {
   "cell_type": "code",
   "execution_count": null,
   "id": "4939f5c1",
   "metadata": {},
   "outputs": [],
   "source": [
    "print('=======Result summary=======')\n",
    "for i in range(len(exp_all)):\n",
    "    print('The ', i+1,'th experiment has optimality log10() values:')\n",
    "    print('A-optimality:', np.log10(result[0][i].trace))\n",
    "    print('D-optimality:', np.log10(result[0][i].det))\n",
    "    print('E-optimality:', np.log10(result[0][i].min_eig))\n",
    "    print('Modified E-optimality:', np.log10(result[0][i].cond))"
   ]
  },
  {
   "cell_type": "markdown",
   "id": "b0757b02",
   "metadata": {},
   "source": [
    "### Run 1D analysis\n",
    "\n",
    "Run 1D sensitivity analysis with one changing design variable\n",
    "\n",
    "Note: this method can only deal with constant T problems"
   ]
  },
  {
   "cell_type": "code",
   "execution_count": null,
   "id": "270e807a",
   "metadata": {},
   "outputs": [],
   "source": [
    "# Define experiments\n",
    "if (model_opt=='dynamic-DAE'):\n",
    "    exp1 = generate_exp(t_control, 5, [570.21, 300, 300, 300, 300, 300, 300, 300, 300])\n",
    "else: \n",
    "    exp1 = generate_exp(t_control, 5, [500])\n"
   ]
  },
  {
   "cell_type": "code",
   "execution_count": null,
   "id": "5fb1c31e",
   "metadata": {
    "scrolled": true
   },
   "outputs": [],
   "source": [
    "doe_object = DesignOfExperiments(parameter_dict, dv_pass,\n",
    "                                 ['CA','CB','CC'], t_measure, createmod,\n",
    "                                prior_FIM=prior_pass, discretize_model=disc)\n",
    "\n",
    "# choose from 'simultaneous', 'sequential', 'sipopt'\n",
    "#sensi_opt = 'simultaneous_finite'\n",
    "#sensi_opt = 'sequential_finite'\n",
    "sensi_opt = 'sequential_sipopt'\n",
    "if_s = True\n",
    "result = doe_object.sensitivity_analysis_1D(exp1, {'T':[688,690]}, sensitivity_step=0.4, compare_opt='ME',\n",
    "                                            mode=sensi_opt, tee_option=False,\n",
    "                                    scale_nominal_param_value=if_s, formula='central')"
   ]
  },
  {
   "cell_type": "code",
   "execution_count": null,
   "id": "574f1669",
   "metadata": {},
   "outputs": [],
   "source": [
    "vary_range = list(result.keys())\n",
    "result_list = list(result.values())\n",
    "\n",
    "index_max = result_list.index(max(result_list))\n",
    "index_min = result_list.index(min(result_list))\n",
    "\n",
    "print('=======Result summary=======')\n",
    "print('The biggest criterion value is:', max(result_list), ' at:', vary_range[index_max])\n",
    "print('The smallest criterion value is:', min(result_list), ' at:', vary_range[index_min])\n",
    "\n",
    "plt.plot(vary_range, result_list)\n",
    "plt.xlabel('T [K]')\n",
    "plt.ylabel('Design criteria')"
   ]
  },
  {
   "cell_type": "markdown",
   "id": "hindu-bathroom",
   "metadata": {},
   "source": [
    "## Optimization"
   ]
  },
  {
   "cell_type": "code",
   "execution_count": null,
   "id": "wicked-raising",
   "metadata": {
    "scrolled": true
   },
   "outputs": [],
   "source": [
    "doe_object = DesignOfExperiments(parameter_dict, dv_pass, \n",
    "                                 ['CA','CB','CC'], t_measure, createmod,\n",
    "                                 prior_FIM=prior_pass, discretize_model=disc)\n",
    "\n",
    "square_result, optimize_result = doe_object.optimize_doe(exp1, if_optimize=True, if_cho=True, scale_nominal_param_value=True, obj_opt='det', L_initial=None)\n"
   ]
  },
  {
   "cell_type": "code",
   "execution_count": null,
   "id": "c6b08c05",
   "metadata": {},
   "outputs": [],
   "source": [
    "print('======Result summary======')\n",
    "print('This optimization is solved with status:', optimize_result.status)\n",
    "print('It gives solution:', optimize_result.solution)\n",
    "print('The log10(OF) optimized is:', optimize_result.obj_value)\n",
    "print('The result FIM is:', optimize_result.FIM)"
   ]
  },
  {
   "cell_type": "markdown",
   "id": "skilled-booking",
   "metadata": {},
   "source": [
    "## heatmap "
   ]
  },
  {
   "cell_type": "code",
   "execution_count": 6,
   "id": "flush-diameter",
   "metadata": {},
   "outputs": [],
   "source": [
    "#design_ranges = {'CA0':list(np.linspace(1,5,9)),  'T': list(np.linspace(300,700,9))}\n",
    "design_ranges = [list(np.linspace(1,5,9)),  list(np.linspace(300,700,9)), [300,500]]\n",
    "\n",
    "#dv_apply_time = {'CA0': [0], 'T': t_control}\n",
    "dv_apply_name = ['CA0', 'T', 'T']\n",
    "dv_apply_time = [[0], [0], [0.125, 0.25, 0.375, 0.5, 0.625, 0.75, 0.875,1]]\n",
    "\n",
    "# Define experiments\n",
    "if (model_opt=='dynamic-DAE'):\n",
    "    exp1 = generate_exp(t_control, 5, [570.21, 300, 300, 300, 300, 300, 300, 300, 300])\n",
    "else: \n",
    "    exp1 = generate_exp(t_control, 5, [500])"
   ]
  },
  {
   "cell_type": "code",
   "execution_count": null,
   "id": "33ba5678",
   "metadata": {},
   "outputs": [],
   "source": [
    "a = {'1': [5, 4], '66':[7,8]}\n",
    "b = a.copy()\n",
    "print(b)\n",
    "b['66'][1] = 4\n",
    "print(b)"
   ]
  },
  {
   "cell_type": "code",
   "execution_count": null,
   "id": "92bb574c",
   "metadata": {},
   "outputs": [],
   "source": [
    "from itertools import product \n",
    "\n",
    "dv_list = [list(np.linspace(1,5,9)),  list(np.linspace(300,700,9)), [300]]\n",
    "\n",
    "#x = product(list(np.linspace(1,5,9)), list(np.linspace(300,700,9)), [5,6])\n",
    "x = product(*dv_list)\n",
    "\n",
    "print(x)\n",
    "\n",
    "for i in x:\n",
    "    print(list(i))"
   ]
  },
  {
   "cell_type": "code",
   "execution_count": 7,
   "id": "separate-leone",
   "metadata": {
    "scrolled": true
   },
   "outputs": [
    {
     "name": "stdout",
     "output_type": "stream",
     "text": [
      "Sensitivity information is scaled by its corresponding parameter nominal value.\n",
      "(1.0, 300.0, 300)\n",
      "0\n",
      "[0]\n",
      "1\n",
      "[0]\n",
      "2\n",
      "[0.125, 0.25, 0.375, 0.5, 0.625, 0.75, 0.875, 1]\n",
      "=======This is the  1 th iteration=======\n",
      "Design variable values of this iteration: {'CA0': {0: 1.0}, 'T': {0: 300.0, 0.125: 300, 0.25: 300, 0.375: 300, 0.5: 300, 0.625: 300, 0.75: 300, 0.875: 300, 1: 300}}\n",
      "Sensitivity information is scaled by its corresponding parameter nominal value.\n",
      "Existed information has been added.\n",
      "FIM: [[  29.58003272    5.48612156  -84.54627162  -24.46790912]\n",
      " [   5.48612156   27.13328151  -12.64771469 -143.60704229]\n",
      " [ -84.54627162  -12.64771469  249.22249067   60.14898186]\n",
      " [ -24.46790912 -143.60704229   60.14898186  793.6004921 ]]\n",
      "Trace: 1099.5362969977725\n",
      "Determinant: 151638.4943213679\n",
      "Condition number: 1703.5708820968514\n",
      "Minimal eigen value: 0.48581739042109506\n",
      "Eigen values: [8.27624360e+02 2.70029455e+02 4.85817390e-01 1.39666420e+00]\n",
      "Eigen vectors: [[ 0.04300749 -0.31822906 -0.77652374  0.54211761]\n",
      " [ 0.17730502  0.01420751  0.56599113  0.80499386]\n",
      " [-0.1117473   0.94040674 -0.25890023  0.19004834]\n",
      " [-0.97684483 -0.1190108   0.09816107  0.1482397 ]]\n",
      "This is the  1  run out of  162 run.\n",
      "The code has run 1.1373 seconds.\n",
      "Estimated remaining time: 183.0989 seconds\n",
      "(1.0, 300.0, 500)\n",
      "0\n",
      "[0]\n",
      "1\n",
      "[0]\n",
      "2\n",
      "[0.125, 0.25, 0.375, 0.5, 0.625, 0.75, 0.875, 1]\n",
      "=======This is the  2 th iteration=======\n",
      "Design variable values of this iteration: {'CA0': {0: 1.0}, 'T': {0: 300.0, 0.125: 500, 0.25: 500, 0.375: 500, 0.5: 500, 0.625: 500, 0.75: 500, 0.875: 500, 1: 500}}\n",
      "Sensitivity information is scaled by its corresponding parameter nominal value.\n",
      "Existed information has been added.\n",
      "FIM: [[  29.58003272    5.48612156  -84.54627162  -24.46790912]\n",
      " [   5.48612156   27.13328151  -12.64771469 -143.60704229]\n",
      " [ -84.54627162  -12.64771469  249.22249067   60.14898186]\n",
      " [ -24.46790912 -143.60704229   60.14898186  793.6004921 ]]\n",
      "Trace: 1099.5362969977725\n",
      "Determinant: 151638.4943213679\n",
      "Condition number: 1703.5708820968514\n",
      "Minimal eigen value: 0.48581739042109506\n",
      "Eigen values: [8.27624360e+02 2.70029455e+02 4.85817390e-01 1.39666420e+00]\n",
      "Eigen vectors: [[ 0.04300749 -0.31822906 -0.77652374  0.54211761]\n",
      " [ 0.17730502  0.01420751  0.56599113  0.80499386]\n",
      " [-0.1117473   0.94040674 -0.25890023  0.19004834]\n",
      " [-0.97684483 -0.1190108   0.09816107  0.1482397 ]]\n",
      "This is the  2  run out of  162 run.\n",
      "The code has run 2.2290 seconds.\n",
      "Estimated remaining time: 178.3221 seconds\n",
      "(1.0, 350.0, 300)\n",
      "0\n",
      "[0]\n",
      "1\n",
      "[0]\n",
      "2\n",
      "[0.125, 0.25, 0.375, 0.5, 0.625, 0.75, 0.875, 1]\n",
      "=======This is the  3 th iteration=======\n",
      "Design variable values of this iteration: {'CA0': {0: 1.0}, 'T': {0: 350.0, 0.125: 300, 0.25: 300, 0.375: 300, 0.5: 300, 0.625: 300, 0.75: 300, 0.875: 300, 1: 300}}\n",
      "Sensitivity information is scaled by its corresponding parameter nominal value.\n",
      "Existed information has been added.\n",
      "FIM: [[  29.32275018    5.73052082  -83.45733449  -25.66817709]\n",
      " [   5.73052082   27.64850163  -13.26806928 -145.64721142]\n",
      " [ -83.45733449  -13.26806928  245.06096284   63.15882951]\n",
      " [ -25.66817709 -145.64721142   63.15882951  800.38603338]]\n",
      "Trace: 1102.4182480406644\n",
      "Determinant: 150855.125045628\n",
      "Condition number: 1705.3048930035557\n",
      "Minimal eigen value: 0.48997231855823686\n",
      "Eigen values: [8.35552192e+02 2.64985514e+02 4.89972319e-01 1.39056985e+00]\n",
      "Eigen vectors: [[ 0.04421991 -0.31912029 -0.77638562  0.54169383]\n",
      " [ 0.17820018  0.01472016  0.5657347   0.80496724]\n",
      " [-0.1146775   0.93969452 -0.2597058   0.19072538]\n",
      " [-0.97628805 -0.12214649  0.0986028   0.14906159]]\n",
      "This is the  3  run out of  162 run.\n",
      "The code has run 3.3339 seconds.\n",
      "Estimated remaining time: 176.6948 seconds\n",
      "(1.0, 350.0, 500)\n",
      "0\n",
      "[0]\n",
      "1\n",
      "[0]\n",
      "2\n",
      "[0.125, 0.25, 0.375, 0.5, 0.625, 0.75, 0.875, 1]\n",
      "=======This is the  4 th iteration=======\n",
      "Design variable values of this iteration: {'CA0': {0: 1.0}, 'T': {0: 350.0, 0.125: 500, 0.25: 500, 0.375: 500, 0.5: 500, 0.625: 500, 0.75: 500, 0.875: 500, 1: 500}}\n",
      "Sensitivity information is scaled by its corresponding parameter nominal value.\n",
      "Existed information has been added.\n",
      "FIM: [[  29.32275018    5.73052082  -83.45733449  -25.66817709]\n",
      " [   5.73052082   27.64850163  -13.26806928 -145.64721142]\n",
      " [ -83.45733449  -13.26806928  245.06096284   63.15882951]\n",
      " [ -25.66817709 -145.64721142   63.15882951  800.38603338]]\n",
      "Trace: 1102.4182480406644\n",
      "Determinant: 150855.125045628\n",
      "Condition number: 1705.3048930035557\n",
      "Minimal eigen value: 0.48997231855823686\n",
      "Eigen values: [8.35552192e+02 2.64985514e+02 4.89972319e-01 1.39056985e+00]\n",
      "Eigen vectors: [[ 0.04421991 -0.31912029 -0.77638562  0.54169383]\n",
      " [ 0.17820018  0.01472016  0.5657347   0.80496724]\n",
      " [-0.1146775   0.93969452 -0.2597058   0.19072538]\n",
      " [-0.97628805 -0.12214649  0.0986028   0.14906159]]\n",
      "This is the  4  run out of  162 run.\n",
      "The code has run 4.4343 seconds.\n",
      "Estimated remaining time: 175.1536 seconds\n",
      "(1.0, 400.0, 300)\n",
      "0\n",
      "[0]\n",
      "1\n",
      "[0]\n",
      "2\n",
      "[0.125, 0.25, 0.375, 0.5, 0.625, 0.75, 0.875, 1]\n",
      "=======This is the  5 th iteration=======\n",
      "Design variable values of this iteration: {'CA0': {0: 1.0}, 'T': {0: 400.0, 0.125: 300, 0.25: 300, 0.375: 300, 0.5: 300, 0.625: 300, 0.75: 300, 0.875: 300, 1: 300}}\n",
      "Sensitivity information is scaled by its corresponding parameter nominal value.\n",
      "Existed information has been added.\n",
      "FIM: [[  29.13959316    5.68057605  -82.8139664   -25.23666085]\n",
      " [   5.68057605   27.27296764  -13.04504074 -143.14725332]\n",
      " [ -82.8139664   -13.04504074  242.98173477   61.60044815]\n",
      " [ -25.23666085 -143.14725332   61.60044815  784.93406012]]\n",
      "Trace: 1084.3283557002067\n",
      "Determinant: 152039.07832960782\n",
      "Condition number: 1641.2051904546718\n",
      "Minimal eigen value: 0.4993357281605193\n",
      "Eigen values: [8.19512389e+02 2.62903408e+02 4.99335728e-01 1.41322349e+00]\n",
      "Eigen vectors: [[ 0.04447521 -0.31931057 -0.77803254  0.53919206]\n",
      " [ 0.17859423  0.01458837  0.56323502  0.80663349]\n",
      " [-0.11473313  0.93961044 -0.26036328  0.19020907]\n",
      " [-0.97619791 -0.12231173  0.09819695  0.14978263]]\n",
      "This is the  5  run out of  162 run.\n",
      "The code has run 5.6978 seconds.\n",
      "Estimated remaining time: 178.9120 seconds\n",
      "(1.0, 400.0, 500)\n",
      "0\n",
      "[0]\n",
      "1\n",
      "[0]\n",
      "2\n",
      "[0.125, 0.25, 0.375, 0.5, 0.625, 0.75, 0.875, 1]\n",
      "=======This is the  6 th iteration=======\n",
      "Design variable values of this iteration: {'CA0': {0: 1.0}, 'T': {0: 400.0, 0.125: 500, 0.25: 500, 0.375: 500, 0.5: 500, 0.625: 500, 0.75: 500, 0.875: 500, 1: 500}}\n",
      "Sensitivity information is scaled by its corresponding parameter nominal value.\n",
      "Existed information has been added.\n",
      "FIM: [[  29.13959316    5.68057605  -82.8139664   -25.23666085]\n",
      " [   5.68057605   27.27296764  -13.04504074 -143.14725332]\n",
      " [ -82.8139664   -13.04504074  242.98173477   61.60044815]\n",
      " [ -25.23666085 -143.14725332   61.60044815  784.93406012]]\n",
      "Trace: 1084.3283557002067\n",
      "Determinant: 152039.07832960782\n",
      "Condition number: 1641.2051904546718\n",
      "Minimal eigen value: 0.4993357281605193\n",
      "Eigen values: [8.19512389e+02 2.62903408e+02 4.99335728e-01 1.41322349e+00]\n",
      "Eigen vectors: [[ 0.04447521 -0.31931057 -0.77803254  0.53919206]\n",
      " [ 0.17859423  0.01458837  0.56323502  0.80663349]\n",
      " [-0.11473313  0.93961044 -0.26036328  0.19020907]\n",
      " [-0.97619791 -0.12231173  0.09819695  0.14978263]]\n",
      "This is the  6  run out of  162 run.\n",
      "The code has run 7.0821 seconds.\n",
      "Estimated remaining time: 184.1342 seconds\n",
      "(1.0, 450.0, 300)\n",
      "0\n",
      "[0]\n",
      "1\n",
      "[0]\n",
      "2\n",
      "[0.125, 0.25, 0.375, 0.5, 0.625, 0.75, 0.875, 1]\n",
      "=======This is the  7 th iteration=======\n",
      "Design variable values of this iteration: {'CA0': {0: 1.0}, 'T': {0: 450.0, 0.125: 300, 0.25: 300, 0.375: 300, 0.5: 300, 0.625: 300, 0.75: 300, 0.875: 300, 1: 300}}\n",
      "Sensitivity information is scaled by its corresponding parameter nominal value.\n",
      "Existed information has been added.\n",
      "FIM: [[  29.01044333    5.6006748   -82.42582703  -24.78056053]\n",
      " [   5.6006748    26.92260118  -12.8093067  -141.30405073]\n",
      " [ -82.42582703  -12.8093067   241.89507006   60.33727148]\n",
      " [ -24.78056053 -141.30405073   60.33727148  775.5570763 ]]\n",
      "Trace: 1073.3851908623308\n",
      "Determinant: 152189.04419265324\n",
      "Condition number: 1609.9994023835127\n",
      "Minimal eigen value: 0.5028391663221075\n",
      "Eigen values: [8.09570757e+02 2.61884047e+02 5.02839166e-01 1.42754706e+00]\n",
      "Eigen vectors: [[ 0.04433757 -0.31929264 -0.77731938  0.54024159]\n",
      " [ 0.17845201  0.014419    0.56435213  0.80588687]\n",
      " [-0.1142325   0.93968376 -0.2600425   0.19058663]\n",
      " [-0.97628889 -0.12181434  0.09828098  0.14953969]]\n",
      "This is the  7  run out of  162 run.\n",
      "The code has run 8.3802 seconds.\n",
      "Estimated remaining time: 185.5607 seconds\n",
      "(1.0, 450.0, 500)\n",
      "0\n",
      "[0]\n",
      "1\n",
      "[0]\n",
      "2\n",
      "[0.125, 0.25, 0.375, 0.5, 0.625, 0.75, 0.875, 1]\n",
      "=======This is the  8 th iteration=======\n",
      "Design variable values of this iteration: {'CA0': {0: 1.0}, 'T': {0: 450.0, 0.125: 500, 0.25: 500, 0.375: 500, 0.5: 500, 0.625: 500, 0.75: 500, 0.875: 500, 1: 500}}\n",
      "Sensitivity information is scaled by its corresponding parameter nominal value.\n"
     ]
    },
    {
     "name": "stdout",
     "output_type": "stream",
     "text": [
      "Existed information has been added.\n",
      "FIM: [[  29.01044333    5.6006748   -82.42582703  -24.78056053]\n",
      " [   5.6006748    26.92260118  -12.8093067  -141.30405073]\n",
      " [ -82.42582703  -12.8093067   241.89507006   60.33727148]\n",
      " [ -24.78056053 -141.30405073   60.33727148  775.5570763 ]]\n",
      "Trace: 1073.3851908623308\n",
      "Determinant: 152189.04419265324\n",
      "Condition number: 1609.9994023835127\n",
      "Minimal eigen value: 0.5028391663221075\n",
      "Eigen values: [8.09570757e+02 2.61884047e+02 5.02839166e-01 1.42754706e+00]\n",
      "Eigen vectors: [[ 0.04433757 -0.31929264 -0.77731938  0.54024159]\n",
      " [ 0.17845201  0.014419    0.56435213  0.80588687]\n",
      " [-0.1142325   0.93968376 -0.2600425   0.19058663]\n",
      " [-0.97628889 -0.12181434  0.09828098  0.14953969]]\n",
      "This is the  8  run out of  162 run.\n",
      "The code has run 9.6194 seconds.\n",
      "Estimated remaining time: 185.1740 seconds\n",
      "(1.0, 500.0, 300)\n",
      "0\n",
      "[0]\n",
      "1\n",
      "[0]\n",
      "2\n",
      "[0.125, 0.25, 0.375, 0.5, 0.625, 0.75, 0.875, 1]\n",
      "=======This is the  9 th iteration=======\n",
      "Design variable values of this iteration: {'CA0': {0: 1.0}, 'T': {0: 500.0, 0.125: 300, 0.25: 300, 0.375: 300, 0.5: 300, 0.625: 300, 0.75: 300, 0.875: 300, 1: 300}}\n",
      "Sensitivity information is scaled by its corresponding parameter nominal value.\n",
      "Existed information has been added.\n",
      "FIM: [[  28.92490828    5.55538372  -82.19690664  -24.54095093]\n",
      " [   5.55538372   26.74178551  -12.68546547 -140.44317569]\n",
      " [ -82.19690664  -12.68546547  241.32359269   59.73172413]\n",
      " [ -24.54095093 -140.44317569   59.73172413  771.61101462]]\n",
      "Trace: 1068.6013010931579\n",
      "Determinant: 151629.20405875487\n",
      "Condition number: 1602.4379552920132\n",
      "Minimal eigen value: 0.5025670284947488\n",
      "Eigen values: [8.05332482e+02 2.61332679e+02 5.02567028e-01 1.43357337e+00]\n",
      "Eigen vectors: [[ 0.04419056 -0.31920854 -0.77605387  0.54211945]\n",
      " [ 0.17828909  0.01431314  0.56629712  0.80455932]\n",
      " [-0.11385326  0.93976516 -0.25949412  0.19115878]\n",
      " [-0.97636962 -0.12141862  0.09854321  0.14916141]]\n",
      "This is the  9  run out of  162 run.\n",
      "The code has run 10.8903 seconds.\n",
      "Estimated remaining time: 185.1346 seconds\n",
      "(1.0, 500.0, 500)\n",
      "0\n",
      "[0]\n",
      "1\n",
      "[0]\n",
      "2\n",
      "[0.125, 0.25, 0.375, 0.5, 0.625, 0.75, 0.875, 1]\n",
      "=======This is the  10 th iteration=======\n",
      "Design variable values of this iteration: {'CA0': {0: 1.0}, 'T': {0: 500.0, 0.125: 500, 0.25: 500, 0.375: 500, 0.5: 500, 0.625: 500, 0.75: 500, 0.875: 500, 1: 500}}\n",
      "Sensitivity information is scaled by its corresponding parameter nominal value.\n",
      "Existed information has been added.\n",
      "FIM: [[  28.92490828    5.55538372  -82.19690664  -24.54095093]\n",
      " [   5.55538372   26.74178551  -12.68546547 -140.44317569]\n",
      " [ -82.19690664  -12.68546547  241.32359269   59.73172413]\n",
      " [ -24.54095093 -140.44317569   59.73172413  771.61101462]]\n",
      "Trace: 1068.6013010931579\n",
      "Determinant: 151629.20405875487\n",
      "Condition number: 1602.4379552920132\n",
      "Minimal eigen value: 0.5025670284947488\n",
      "Eigen values: [8.05332482e+02 2.61332679e+02 5.02567028e-01 1.43357337e+00]\n",
      "Eigen vectors: [[ 0.04419056 -0.31920854 -0.77605387  0.54211945]\n",
      " [ 0.17828909  0.01431314  0.56629712  0.80455932]\n",
      " [-0.11385326  0.93976516 -0.25949412  0.19115878]\n",
      " [-0.97636962 -0.12141862  0.09854321  0.14916141]]\n",
      "This is the  10  run out of  162 run.\n",
      "The code has run 12.2919 seconds.\n",
      "Estimated remaining time: 186.8376 seconds\n",
      "(1.0, 550.0, 300)\n",
      "0\n",
      "[0]\n",
      "1\n",
      "[0]\n",
      "2\n",
      "[0.125, 0.25, 0.375, 0.5, 0.625, 0.75, 0.875, 1]\n",
      "=======This is the  11 th iteration=======\n",
      "Design variable values of this iteration: {'CA0': {0: 1.0}, 'T': {0: 550.0, 0.125: 300, 0.25: 300, 0.375: 300, 0.5: 300, 0.625: 300, 0.75: 300, 0.875: 300, 1: 300}}\n",
      "Sensitivity information is scaled by its corresponding parameter nominal value.\n",
      "Existed information has been added.\n",
      "FIM: [[  28.86882939    5.53037525  -82.05970295  -24.41164554]\n",
      " [   5.53037525   26.64172746  -12.6186346  -140.0045525 ]\n",
      " [ -82.05970295  -12.6186346   241.01199885   59.42386584]\n",
      " [ -24.41164554 -140.0045525    59.42386584  769.77181902]]\n",
      "Trace: 1066.294374711943\n",
      "Determinant: 150651.09426599584\n",
      "Condition number: 1605.4640856393876\n",
      "Minimal eigen value: 0.5003756301004131\n",
      "Eigen values: [8.03335103e+02 2.61023074e+02 5.00375630e-01 1.43582164e+00]\n",
      "Eigen vectors: [[ 0.04408811 -0.31912119 -0.77484501  0.54390542]\n",
      " [ 0.17816725  0.0142491   0.56813973  0.80328739]\n",
      " [-0.11361614  0.93982827 -0.25897468  0.19169326]\n",
      " [-0.97642411 -0.12116701  0.09881581  0.14882859]]\n",
      "This is the  11  run out of  162 run.\n",
      "The code has run 13.6361 seconds.\n",
      "Estimated remaining time: 187.1865 seconds\n",
      "(1.0, 550.0, 500)\n",
      "0\n",
      "[0]\n",
      "1\n",
      "[0]\n",
      "2\n",
      "[0.125, 0.25, 0.375, 0.5, 0.625, 0.75, 0.875, 1]\n",
      "=======This is the  12 th iteration=======\n",
      "Design variable values of this iteration: {'CA0': {0: 1.0}, 'T': {0: 550.0, 0.125: 500, 0.25: 500, 0.375: 500, 0.5: 500, 0.625: 500, 0.75: 500, 0.875: 500, 1: 500}}\n",
      "Sensitivity information is scaled by its corresponding parameter nominal value.\n",
      "Existed information has been added.\n",
      "FIM: [[  28.86882939    5.53037525  -82.05970295  -24.41164554]\n",
      " [   5.53037525   26.64172746  -12.6186346  -140.0045525 ]\n",
      " [ -82.05970295  -12.6186346   241.01199885   59.42386584]\n",
      " [ -24.41164554 -140.0045525    59.42386584  769.77181902]]\n",
      "Trace: 1066.294374711943\n",
      "Determinant: 150651.09426599584\n",
      "Condition number: 1605.4640856393876\n",
      "Minimal eigen value: 0.5003756301004131\n",
      "Eigen values: [8.03335103e+02 2.61023074e+02 5.00375630e-01 1.43582164e+00]\n",
      "Eigen vectors: [[ 0.04408811 -0.31912119 -0.77484501  0.54390542]\n",
      " [ 0.17816725  0.0142491   0.56813973  0.80328739]\n",
      " [-0.11361614  0.93982827 -0.25897468  0.19169326]\n",
      " [-0.97642411 -0.12116701  0.09881581  0.14882859]]\n",
      "This is the  12  run out of  162 run.\n",
      "The code has run 14.9395 seconds.\n",
      "Estimated remaining time: 186.7442 seconds\n",
      "(1.0, 600.0, 300)\n",
      "0\n",
      "[0]\n",
      "1\n",
      "[0]\n",
      "2\n",
      "[0.125, 0.25, 0.375, 0.5, 0.625, 0.75, 0.875, 1]\n",
      "=======This is the  13 th iteration=======\n",
      "Design variable values of this iteration: {'CA0': {0: 1.0}, 'T': {0: 600.0, 0.125: 300, 0.25: 300, 0.375: 300, 0.5: 300, 0.625: 300, 0.75: 300, 0.875: 300, 1: 300}}\n",
      "Sensitivity information is scaled by its corresponding parameter nominal value.\n",
      "Existed information has been added.\n",
      "FIM: [[  28.83024839    5.51197609  -81.9726446   -24.32382628]\n",
      " [   5.51197609   26.57520042  -12.57324566 -139.74017115]\n",
      " [ -81.9726446   -12.57324566  240.83051064   59.23199143]\n",
      " [ -24.32382628 -139.74017115   59.23199143  768.76471335]]\n",
      "Trace: 1065.0006727945133\n",
      "Determinant: 149413.08866872228\n",
      "Condition number: 1612.3033965284394\n",
      "Minimal eigen value: 0.4975647310687059\n",
      "Eigen values: [8.02225306e+02 2.60842762e+02 4.97564731e-01 1.43503967e+00]\n",
      "Eigen vectors: [[ 0.04400313 -0.31904919 -0.77362392  0.54568981]\n",
      " [ 0.17807049  0.01421057  0.56997784  0.80200637]\n",
      " [-0.11343891  0.93987811 -0.25847425  0.19222854]\n",
      " [-0.9764662  -0.12097442  0.09910778  0.14851464]]\n",
      "This is the  13  run out of  162 run.\n",
      "The code has run 16.2990 seconds.\n",
      "Estimated remaining time: 186.8119 seconds\n",
      "(1.0, 600.0, 500)\n",
      "0\n",
      "[0]\n",
      "1\n",
      "[0]\n",
      "2\n",
      "[0.125, 0.25, 0.375, 0.5, 0.625, 0.75, 0.875, 1]\n",
      "=======This is the  14 th iteration=======\n",
      "Design variable values of this iteration: {'CA0': {0: 1.0}, 'T': {0: 600.0, 0.125: 500, 0.25: 500, 0.375: 500, 0.5: 500, 0.625: 500, 0.75: 500, 0.875: 500, 1: 500}}\n",
      "Sensitivity information is scaled by its corresponding parameter nominal value.\n",
      "Existed information has been added.\n",
      "FIM: [[  28.83024839    5.51197609  -81.9726446   -24.32382628]\n",
      " [   5.51197609   26.57520042  -12.57324566 -139.74017115]\n",
      " [ -81.9726446   -12.57324566  240.83051064   59.23199143]\n",
      " [ -24.32382628 -139.74017115   59.23199143  768.76471335]]\n",
      "Trace: 1065.0006727945133\n",
      "Determinant: 149413.08866872228\n",
      "Condition number: 1612.3033965284394\n",
      "Minimal eigen value: 0.4975647310687059\n",
      "Eigen values: [8.02225306e+02 2.60842762e+02 4.97564731e-01 1.43503967e+00]\n",
      "Eigen vectors: [[ 0.04400313 -0.31904919 -0.77362392  0.54568981]\n",
      " [ 0.17807049  0.01421057  0.56997784  0.80200637]\n",
      " [-0.11343891  0.93987811 -0.25847425  0.19222854]\n",
      " [-0.9764662  -0.12097442  0.09910778  0.14851464]]\n",
      "This is the  14  run out of  162 run.\n",
      "The code has run 17.5690 seconds.\n",
      "Estimated remaining time: 185.7298 seconds\n",
      "(1.0, 650.0, 300)\n",
      "0\n",
      "[0]\n",
      "1\n",
      "[0]\n",
      "2\n",
      "[0.125, 0.25, 0.375, 0.5, 0.625, 0.75, 0.875, 1]\n",
      "=======This is the  15 th iteration=======\n",
      "Design variable values of this iteration: {'CA0': {0: 1.0}, 'T': {0: 650.0, 0.125: 300, 0.25: 300, 0.375: 300, 0.5: 300, 0.625: 300, 0.75: 300, 0.875: 300, 1: 300}}\n",
      "Sensitivity information is scaled by its corresponding parameter nominal value.\n"
     ]
    },
    {
     "name": "stdout",
     "output_type": "stream",
     "text": [
      "Existed information has been added.\n",
      "FIM: [[  28.80018525    5.49300764  -81.91123719  -24.24793267]\n",
      " [   5.49300764   26.52345436  -12.53402042 -139.55761761]\n",
      " [ -81.91123719  -12.53402042  240.71385582   59.08679739]\n",
      " [ -24.24793267 -139.55761761   59.08679739  768.1403749 ]]\n",
      "Trace: 1064.1778703392624\n",
      "Determinant: 147983.78531466573\n",
      "Condition number: 1619.2882874718866\n",
      "Minimal eigen value: 0.49498422928574204\n",
      "Eigen values: [8.01522165e+02 2.60730128e+02 4.94984229e-01 1.43059273e+00]\n",
      "Eigen vectors: [[ 0.04391558 -0.31898969 -0.77249369  0.54733034]\n",
      " [ 0.17798693  0.01419347  0.57166177  0.80082584]\n",
      " [-0.11327681  0.93992205 -0.25802797  0.19270827]\n",
      " [-0.97650419 -0.12079184  0.09938759  0.14822618]]\n",
